t	ekg	optical	pressure	accel_x	accel_y	accel_z
2.8422e-14	0.012731	-40.013	-2.9452	0.001858	-0.0013956	-0.00011991
0.002	0.012205	-41.246	-3.0512	0.0015811	-0.0010958	9.964e-05
0.004	0.010874	-42.479	-3.1572	0.0013043	-0.00079606	0.00031919
0.006	0.0086846	-43.728	-3.2632	0.0010274	-0.0004963	0.00053873
0.008	0.0057639	-44.993	-3.3692	0.00075053	-0.00019655	0.00075828
0.01	0.0023968	-46.276	-3.4623	0.00047367	0.00010321	0.00097782
0.012	-0.0010354	-47.575	-3.5554	0.00019682	0.00040296	0.0011974
0.014	-0.0041365	-48.892	-3.6408	-8.0045e-05	0.00070272	0.0014169
0.016	-0.0065806	-50.226	-3.7186	-0.0003569	0.0010025	0.0016365
0.018	-0.0081813	-51.576	-3.7963	-0.00063376	0.0013022	0.001856
0.02	-0.008929	-52.943	-3.859	-0.0011484	0.001418	0.0019795
0.022	-0.0089856	-54.325	-3.9217	-0.0016631	0.0015337	0.002103
0.024	-0.0086422	-55.722	-3.978	-0.0021778	0.0016494	0.0022265
0.026	-0.0082457	-57.131	-4.028	-0.0026925	0.0017652	0.00235
0.028	-0.0081153	-58.553	-4.078	-0.0032072	0.0018809	0.0024735
0.03	-0.008467	-59.985	-4.1189	-0.0036926	0.0017328	0.0025414
0.032	-0.0093662	-61.427	-4.1598	-0.0041779	0.0015847	0.0026093
0.034	-0.010716	-62.876	-4.198	-0.0046633	0.0014366	0.0026772
0.036	-0.01229	-64.332	-4.2337	-0.0051487	0.0012885	0.0027451
0.038	-0.013791	-65.791	-4.2693	-0.0056341	0.0011404	0.0028131
0.04	-0.014934	-67.254	-4.3028	-0.0056831	0.00089916	0.0028477
0.042	-0.015519	-68.717	-4.3363	-0.0057322	0.00065788	0.0028823
0.044	-0.015488	-70.181	-4.3699	-0.0057812	0.00041661	0.002917
0.046	-0.014935	-71.642	-4.4036	-0.0058303	0.00017533	0.0029516
0.048	-0.014087	-73.1	-4.4373	-0.0058794	-6.5945e-05	0.0029862
0.05	-0.01324	-74.554	-4.4726	-0.0054279	-0.00020754	0.0029233
0.052	-0.012677	-76.003	-4.5078	-0.0049765	-0.00034914	0.0028603
0.054	-0.012593	-77.445	-4.5443	-0.0045251	-0.00049073	0.0027973
0.056	-0.013031	-78.88	-4.5819	-0.0040737	-0.00063233	0.0027344
0.058	-0.013865	-80.308	-4.6194	-0.0036223	-0.00077392	0.0026714
0.06	-0.014827	-81.728	-4.6596	-0.0030326	-0.0007751	0.002464
0.062	-0.015571	-83.14	-4.6998	-0.0024428	-0.00077628	0.0022566
0.064	-0.015767	-84.544	-4.7413	-0.0018531	-0.00077746	0.0020493
0.066	-0.015203	-85.941	-4.784	-0.0012633	-0.00077864	0.0018419
0.068	-0.01385	-87.33	-4.8268	-0.00067354	-0.00077982	0.0016345
0.07	-0.0119	-88.713	-4.8717	-0.00032191	-0.00071041	0.0013709
0.072	-0.0097393	-90.091	-4.9167	2.9727e-05	-0.000641	0.0011072
0.074	-0.007868	-91.465	-4.9623	0.00038136	-0.00057158	0.0008436
0.076	-0.0067828	-92.834	-5.0087	0.000733	-0.00050217	0.00057995
0.078	-0.0068427	-94.203	-5.0551	0.0010846	-0.00043276	0.00031631
0.08	-0.0081552	-95.569	-5.1017	0.0011365	-0.0003675	0.00014894
0.082	-0.010508	-96.938	-5.1484	0.0011884	-0.00030224	-1.8431e-05
0.084	-0.01337	-98.308	-5.1944	0.0012404	-0.00023698	-0.0001858
0.086	-0.015967	-99.683	-5.24	0.0012923	-0.00017173	-0.00035318
0.088	-0.017428	-101.06	-5.2855	0.0013442	-0.00010647	-0.00052055
0.09	-0.016964	-102.45	-5.3286	0.001277	-7.0415e-05	-0.0005391
0.092	-0.014059	-103.84	-5.3717	0.0012098	-3.4363e-05	-0.00055766
0.094	-0.0086217	-105.25	-5.4132	0.0011427	1.6898e-06	-0.00057622
0.096	-0.0010641	-106.66	-5.4532	0.0010755	3.7742e-05	-0.00059477
0.098	0.0077097	-108.09	-5.4931	0.0010084	7.3795e-05	-0.00061333
0.1	0.016417	-109.53	-5.5295	0.001007	9.7216e-05	-0.00055907
0.102	0.023591	-110.99	-5.566	0.0010056	0.00012064	-0.00050481
0.104	0.027826	-112.46	-5.6009	0.0010043	0.00014406	-0.00045054
0.106	0.028024	-113.94	-5.6343	0.0010029	0.00016748	-0.00039628
0.108	0.023608	-115.44	-5.6678	0.0010016	0.0001909	-0.00034202
0.11	0.014644	-116.95	-5.6989	0.0011077	0.00020561	-0.00029977
0.112	0.0018602	-118.47	-5.7301	0.0012138	0.00022031	-0.00025752
0.114	-0.013451	-120.01	-5.7605	0.0013199	0.00023502	-0.00021527
0.116	-0.029623	-121.56	-5.7901	0.001426	0.00024972	-0.00017302
0.118	-0.044875	-123.12	-5.8198	0.0015321	0.00026443	-0.00013076
0.12	-0.057583	-124.69	-5.8484	0.0016352	0.00023889	-9.8578e-05
0.122	-0.066522	-126.27	-5.877	0.0017384	0.00021335	-6.6391e-05
0.124	-0.071038	-127.86	-5.9051	0.0018416	0.00018781	-3.4205e-05
0.126	-0.071109	-129.44	-5.9327	0.0019447	0.00016227	-2.0179e-06
0.128	-0.06731	-131.03	-5.9602	0.0020479	0.00013673	3.0169e-05
0.13	-0.060675	-132.62	-5.9863	0.002013	4.8125e-05	0.00010085
0.132	-0.052497	-134.21	-6.0124	0.0019782	-4.0477e-05	0.00017153
0.134	-0.044095	-135.79	-6.0374	0.0019434	-0.00012908	0.00024221
0.136	-0.036603	-137.36	-6.0614	0.0019085	-0.00021768	0.00031289
0.138	-0.030816	-138.92	-6.0854	0.0018737	-0.00030628	0.00038357
0.14	-0.027101	-140.47	-6.1069	0.0017159	-0.00042948	0.00047294
0.142	-0.025403	-141.99	-6.1284	0.0015582	-0.00055267	0.00056231
0.144	-0.025323	-143.5	-6.1486	0.0014004	-0.00067586	0.00065168
0.146	-0.026249	-144.99	-6.1676	0.0012426	-0.00079905	0.00074105
0.148	-0.027505	-146.45	-6.1866	0.0010849	-0.00092225	0.00083041
0.15	-0.028497	-147.89	-6.2035	0.0009765	-0.00099911	0.00083922
0.152	-0.028821	-149.3	-6.2205	0.00086813	-0.001076	0.00084802
0.154	-0.02831	-150.67	-6.2369	0.00075976	-0.0011528	0.00085682
0.156	-0.027035	-152.02	-6.2528	0.00065139	-0.0012297	0.00086562
0.158	-0.025252	-153.33	-6.2686	0.00054301	-0.0013066	0.00087442
0.16	-0.023319	-154.6	-6.2846	0.00060154	-0.0012483	0.00076552
0.162	-0.021597	-155.84	-6.3005	0.00066007	-0.0011901	0.00065662
0.164	-0.020375	-157.04	-6.3172	0.0007186	-0.0011319	0.00054772
0.166	-0.019811	-158.21	-6.3346	0.00077713	-0.0010737	0.00043882
0.168	-0.019913	-159.34	-6.352	0.00083566	-0.0010155	0.00032991
0.17	-0.020559	-160.43	-6.3721	0.00096429	-0.00081841	0.00021088
0.172	-0.021536	-161.49	-6.3922	0.0010929	-0.00062133	9.1853e-05
0.174	-0.0226	-162.51	-6.4143	0.0012215	-0.00042424	-2.7177e-05
0.176	-0.023529	-163.5	-6.4385	0.0013502	-0.00022715	-0.00014621
0.178	-0.024172	-164.46	-6.4626	0.0014788	-3.0056e-05	-0.00026524
0.18	-0.024462	-165.39	-6.492	0.0014786	0.0001786	-0.00026293
0.182	-0.024423	-166.29	-6.5214	0.0014785	0.00038726	-0.00026063
0.184	-0.024141	-167.17	-6.554	0.0014783	0.00059592	-0.00025832
0.186	-0.023741	-168.02	-6.5897	0.0014781	0.00080457	-0.00025602
0.188	-0.023343	-168.85	-6.6255	0.0014779	0.0010132	-0.00025371
0.19	-0.023039	-169.67	-6.6682	0.0012741	0.0010777	-0.00012845
0.192	-0.022878	-170.47	-6.711	0.0010702	0.0011421	-3.1962e-06
0.194	-0.022861	-171.27	-6.7574	0.00086637	0.0012066	0.00012206
0.196	-0.022954	-172.05	-6.8075	0.00066251	0.001271	0.00024732
0.198	-0.023105	-172.83	-6.8576	0.00045866	0.0013354	0.00037258
0.2	-0.023261	-173.61	-6.9145	0.00017214	0.0012286	0.00050378
0.202	-0.023388	-174.4	-6.9715	-0.00011438	0.0011218	0.00063499
0.204	-0.02347	-175.19	-7.0315	-0.0004009	0.0010151	0.0007662
0.206	-0.023512	-175.99	-7.0945	-0.00068742	0.00090827	0.00089741
0.208	-0.02353	-176.81	-7.1574	-0.00097394	0.00080148	0.0010286
0.21	-0.023539	-177.64	-7.2252	-0.0011346	0.00065671	0.0010658
0.212	-0.023541	-178.49	-7.293	-0.0012953	0.00051195	0.001103
0.214	-0.023524	-179.36	-7.3627	-0.001456	0.00036718	0.0011402
0.216	-0.023458	-180.26	-7.4344	-0.0016166	0.00022242	0.0011773
0.218	-0.023312	-181.19	-7.506	-0.0017773	7.7652e-05	0.0012145
0.22	-0.023059	-182.15	-7.5809	-0.001675	6.408e-05	0.0011726
0.222	-0.022691	-183.14	-7.6558	-0.0015728	5.0508e-05	0.0011308
0.224	-0.02223	-184.16	-7.7324	-0.0014705	3.6936e-05	0.0010889
0.226	-0.021723	-185.22	-7.8107	-0.0013682	2.3363e-05	0.001047
0.228	-0.021241	-186.32	-7.8889	-0.0012659	9.7912e-06	0.0010051
0.23	-0.020857	-187.46	-7.9709	-0.00095426	0.00016039	0.00096737
0.232	-0.020636	-188.64	-8.0529	-0.00064257	0.00031099	0.00092961
0.234	-0.020613	-189.86	-8.1368	-0.00033088	0.00046158	0.00089184
0.236	-0.020783	-191.12	-8.2224	-1.9191e-05	0.00061218	0.00085408
0.238	-0.021098	-192.42	-8.308	0.0002925	0.00076278	0.00081631
0.24	-0.021475	-193.76	-8.396	0.00058114	0.00090059	0.00079044
0.242	-0.021815	-195.15	-8.4839	0.00086979	0.0010384	0.00076456
0.244	-0.022019	-196.57	-8.5712	0.0011584	0.0011762	0.00073869
0.246	-0.022012	-198.04	-8.6579	0.0014471	0.001314	0.00071281
0.248	-0.021758	-199.54	-8.7447	0.0017357	0.0014518	0.00068694
0.25	-0.021269	-201.09	-8.8245	0.0017897	0.0013275	0.00056429
0.252	-0.020598	-202.66	-8.9043	0.0018437	0.0012032	0.00044165
0.254	-0.01983	-204.27	-8.9769	0.0018976	0.0010789	0.00031901
0.256	-0.019057	-205.92	-9.0421	0.0019516	0.00095461	0.00019637
0.258	-0.018361	-207.59	-9.1073	0.0020056	0.00083031	7.3723e-05
0.26	-0.017791	-209.29	-9.1491	0.0018296	0.00039355	-0.0002068
0.262	-0.017357	-211.02	-9.191	0.0016536	-4.3217e-05	-0.00048732
0.264	-0.017027	-212.76	-9.217	0.0014776	-0.00047998	-0.00076784
0.266	-0.016738	-214.53	-9.2272	0.0013016	-0.00091674	-0.0010484
0.268	-0.016412	-216.31	-9.2374	0.0011257	-0.0013535	-0.0013289
0.27	-0.015977	-218.1	-9.209	0.00086272	-0.0018314	-0.0016181
0.272	-0.015384	-219.9	-9.1806	0.00059978	-0.0023092	-0.0019072
0.274	-0.014619	-221.7	-9.1307	0.00033683	-0.0027871	-0.0021964
0.276	-0.013708	-223.51	-9.0591	7.3893e-05	-0.0032649	-0.0024856
0.278	-0.012702	-225.31	-8.9876	-0.00018905	-0.0037428	-0.0027748
0.28	-0.011672	-227.1	-8.8705	-0.00048831	-0.0038715	-0.0028113
0.282	-0.01068	-228.88	-8.7534	-0.00078757	-0.0040003	-0.0028479
0.284	-0.0097701	-230.64	-8.6132	-0.0010868	-0.004129	-0.0028845
0.286	-0.0089511	-232.37	-8.4498	-0.0013861	-0.0042577	-0.0029211
0.288	-0.0081958	-234.09	-8.2864	-0.0016854	-0.0043865	-0.0029576
0.29	-0.007448	-235.76	-8.0767	-0.0020759	-0.0040149	-0.0026367
0.292	-0.0066364	-237.41	-7.867	-0.0024664	-0.0036433	-0.0023158
0.294	-0.0056944	-239	-7.634	-0.0028569	-0.0032717	-0.0019949
0.296	-0.0045784	-240.55	-7.3778	-0.0032474	-0.0029001	-0.001674
0.298	-0.0032812	-242.05	-7.1215	-0.003638	-0.0025285	-0.0013531
0.3	-0.0018366	-243.49	-6.8183	-0.0040682	-0.0019064	-0.00083316
0.302	-0.00031311	-244.87	-6.5151	-0.0044985	-0.0012842	-0.0003132
0.304	0.0012007	-246.18	-6.1883	-0.0049287	-0.00066207	0.00020675
0.306	0.002617	-247.41	-5.8378	-0.005359	-3.9918e-05	0.00072671
0.308	0.0038692	-248.57	-5.4873	-0.0057892	0.00058223	0.0012467
0.31	0.0049297	-249.64	-5.0903	-0.0060372	0.0010022	0.0017014
0.312	0.0058177	-250.63	-4.6933	-0.0062852	0.0014222	0.0021562
0.314	0.0065959	-251.52	-4.2746	-0.0065332	0.0018422	0.0026109
0.316	0.0073574	-252.32	-3.8343	-0.0067812	0.0022622	0.0030657
0.318	0.0082049	-253.01	-3.394	-0.0070292	0.0026822	0.0035205
0.32	0.0092261	-253.6	-2.9167	-0.0069296	0.0026228	0.0037407
0.322	0.010473	-254.08	-2.4394	-0.00683	0.0025634	0.0039609
0.324	0.011949	-254.45	-1.9485	-0.0067304	0.002504	0.0041812
0.326	0.013606	-254.7	-1.444	-0.0066307	0.0024446	0.0044014
0.328	0.015352	-254.83	-0.93948	-0.0065311	0.0023852	0.0046217
0.33	0.017077	-254.83	-0.4201	-0.0061702	0.001969	0.0045879
0.332	0.018669	-254.72	0.099273	-0.0058094	0.0015529	0.0045541
0.334	0.02005	-254.48	0.61936	-0.0054485	0.0011367	0.0045204
0.336	0.021185	-254.1	1.1402	-0.0050876	0.00072049	0.0044866
0.338	0.022101	-253.6	1.661	-0.0047267	0.00030431	0.0044528
0.34	0.022876	-252.97	2.1704	-0.0043292	-5.8768e-05	0.004245
0.342	0.023628	-252.21	2.6798	-0.0039316	-0.00042185	0.0040372
0.344	0.024489	-251.31	3.1783	-0.0035341	-0.00078493	0.0038294
0.346	0.02558	-250.28	3.6658	-0.0031365	-0.001148	0.0036215
0.348	0.026979	-249.13	4.1533	-0.002739	-0.0015111	0.0034137
0.35	0.028713	-247.84	4.6115	-0.0024331	-0.001466	0.0031503
0.352	0.03074	-246.42	5.0697	-0.0021271	-0.0014209	0.0028868
0.354	0.032968	-244.87	5.5111	-0.0018212	-0.0013758	0.0026233
0.356	0.035262	-243.2	5.9357	-0.0015152	-0.0013306	0.0023598
0.358	0.037481	-241.4	6.3603	-0.0012093	-0.0012855	0.0020963
0.36	0.039497	-239.49	6.7497	-0.0009762	-0.00082016	0.0018665
0.362	0.041222	-237.45	7.1391	-0.0007431	-0.00035479	0.0016367
0.364	0.042624	-235.3	7.5107	-0.00051	0.00011059	0.0014069
0.366	0.043731	-233.03	7.8645	-0.0002769	0.00057596	0.001177
0.368	0.04462	-230.66	8.2182	-4.3803e-05	0.0010413	0.0009472
0.37	0.045402	-228.17	8.5364	0.00018958	0.0015777	0.00075124
0.372	0.046193	-225.59	8.8546	0.00042296	0.0021141	0.00055527
0.374	0.047096	-222.91	9.1547	0.00065634	0.0026505	0.00035931
0.376	0.048176	-220.13	9.4367	0.00088972	0.0031869	0.00016334
0.378	0.04945	-217.26	9.7188	0.0011231	0.0037232	-3.2623e-05
0.38	0.050888	-214.31	9.9636	0.0014448	0.0038824	-0.00026188
0.382	0.052423	-211.27	10.208	0.0017665	0.0040416	-0.00049113
0.384	0.053962	-208.15	10.434	0.0020882	0.0042007	-0.00072038
0.386	0.055412	-204.96	10.64	0.0024099	0.0043599	-0.00094964
0.388	0.056699	-201.7	10.846	0.0027316	0.0045191	-0.0011789
0.39	0.057776	-198.38	11.012	0.0032337	0.0041164	-0.0014709
0.392	0.058635	-194.99	11.179	0.0037359	0.0037137	-0.0017628
0.394	0.0593	-191.54	11.325	0.004238	0.003311	-0.0020548
0.396	0.05982	-188.04	11.452	0.0047402	0.0029083	-0.0023468
0.398	0.060251	-184.49	11.578	0.0052423	0.0025056	-0.0026388
0.4	0.060644	-180.9	11.667	0.0059184	0.001789	-0.0029205
0.402	0.061029	-177.26	11.755	0.0065945	0.0010725	-0.0032023
0.404	0.06141	-173.58	11.826	0.0072706	0.0003559	-0.0034841
0.406	0.061763	-169.87	11.879	0.0079467	-0.00036066	-0.0037658
0.408	0.062045	-166.13	11.932	0.0086228	-0.0010772	-0.0040476
0.41	0.062202	-162.36	11.954	0.0092581	-0.0016345	-0.0042032
0.412	0.062184	-158.57	11.976	0.0098933	-0.0021918	-0.0043588
0.414	0.061955	-154.76	11.985	0.010529	-0.0027492	-0.0045144
0.416	0.061505	-150.93	11.98	0.011164	-0.0033065	-0.00467
0.418	0.060844	-147.08	11.976	0.011799	-0.0038638	-0.0048256
0.42	0.060008	-143.23	11.95	0.012029	-0.0039646	-0.0047924
0.422	0.059042	-139.36	11.924	0.012259	-0.0040655	-0.0047592
0.424	0.057993	-135.5	11.889	0.012488	-0.0041664	-0.004726
0.426	0.056897	-131.63	11.845	0.012718	-0.0042672	-0.0046927
0.428	0.055775	-127.76	11.802	0.012948	-0.0043681	-0.0046595
0.43	0.054621	-123.9	11.744	0.012485	-0.0040832	-0.0044443
0.432	0.053414	-120.05	11.686	0.012022	-0.0037983	-0.0042291
0.434	0.052116	-116.21	11.622	0.01156	-0.0035134	-0.0040139
0.436	0.050687	-112.38	11.552	0.011097	-0.0032286	-0.0037987
0.438	0.04909	-108.57	11.481	0.010634	-0.0029437	-0.0035835
0.44	0.047306	-104.78	11.399	0.009524	-0.0025483	-0.0032411
0.442	0.045333	-101.01	11.318	0.008414	-0.0021529	-0.0028987
0.444	0.04319	-97.267	11.231	0.0073039	-0.0017575	-0.0025563
0.446	0.04091	-93.554	11.138	0.0061939	-0.0013621	-0.0022139
0.448	0.038535	-89.872	11.045	0.0050839	-0.00096676	-0.0018715
0.45	0.036108	-86.224	10.942	0.0037885	-0.00067238	-0.0015225
0.452	0.033663	-82.612	10.838	0.0024932	-0.000378	-0.0011735
0.454	0.031222	-79.04	10.73	0.0011978	-8.362e-05	-0.00082456
0.456	0.028793	-75.508	10.616	-9.7495e-05	0.00021076	-0.00047559
0.458	0.02637	-72.02	10.502	-0.0013928	0.00050514	-0.00012662
0.46	0.023943	-68.576	10.379	-0.0022602	0.000644	7.1476e-05
0.462	0.021503	-65.181	10.256	-0.0031276	0.00078287	0.00026957
0.464	0.019047	-61.834	10.129	-0.0039949	0.00092173	0.00046767
0.466	0.016589	-58.537	9.9982	-0.0048623	0.0010606	0.00066577
0.468	0.014153	-55.292	9.8673	-0.0057297	0.0011995	0.00086387
0.47	0.011779	-52.099	9.7308	-0.0058779	0.0012115	0.00086089
0.472	0.0095127	-48.96	9.5944	-0.0060261	0.0012236	0.00085791
0.474	0.0073995	-45.875	9.4565	-0.0061744	0.0012357	0.00085493
0.476	0.0054773	-42.845	9.3171	-0.0063226	0.0012477	0.00085196
0.478	0.0037696	-39.869	9.1778	-0.0064709	0.0012598	0.00084898
0.48	0.0022823	-36.948	9.0382	-0.0061156	0.0011863	0.0007696
0.482	0.0010037	-34.081	8.8986	-0.0057603	0.0011127	0.00069023
0.484	-9.1806e-05	-31.268	8.76	-0.0054051	0.0010392	0.00061086
0.486	-0.0010379	-28.508	8.6226	-0.0050498	0.00096561	0.00053148
0.488	-0.0018695	-25.801	8.4851	-0.0046945	0.00089206	0.00045211
0.49	-0.0026154	-23.144	8.3515	-0.0042283	0.00077842	0.00042295
0.492	-0.0032937	-20.537	8.2179	-0.0037621	0.00066478	0.0003938
0.494	-0.0039098	-17.978	8.0867	-0.0032959	0.00055114	0.00036465
0.496	-0.0044574	-15.467	7.958	-0.0028297	0.0004375	0.0003355
0.498	-0.0049228	-13	7.8293	-0.0023635	0.00032386	0.00030635
0.5	-0.0052889	-10.578	7.7058	-0.0019466	0.00021892	0.00027556
0.502	-0.0055411	-8.1959	7.5824	-0.0015297	0.00011397	0.00024477
0.504	-0.0056723	-5.8547	7.4616	-0.0011127	9.0259e-06	0.00021399
0.506	-0.005685	-3.5505	7.3434	-0.00069578	-9.592e-05	0.0001832
0.508	-0.0055908	-1.2832	7.2252	-0.00027884	-0.00020087	0.00015242
0.51	-0.0054087	0.95062	7.1117	0.00014751	-0.00025859	4.6237e-07
0.512	-0.0051611	3.151	6.9982	0.00057385	-0.00031632	-0.00015149
0.514	-0.0048695	5.321	6.8866	0.0010002	-0.00037405	-0.00030345
0.516	-0.0045511	7.4607	6.777	0.0014266	-0.00043178	-0.0004554
0.518	-0.0042165	9.5727	6.6674	0.0018529	-0.00048951	-0.00060735
0.52	-0.00387	11.657	6.5603	0.0022563	-0.00047927	-0.00083944
0.522	-0.0035107	13.715	6.4532	0.0026597	-0.00046904	-0.0010715
0.524	-0.003136	15.748	6.3464	0.0030631	-0.00045881	-0.0013036
0.526	-0.0027453	17.755	6.2397	0.0034664	-0.00044857	-0.0015357
0.528	-0.0023424	19.737	6.133	0.0038698	-0.00043834	-0.0017678
0.53	-0.0019366	21.695	6.0239	0.0040218	-0.00036598	-0.0019
0.532	-0.0015423	23.627	5.9147	0.0041738	-0.00029362	-0.0020322
0.534	-0.0011768	25.533	5.8025	0.0043258	-0.00022127	-0.0021644
0.536	-0.000856	27.413	5.6872	0.0044777	-0.00014891	-0.0022966
0.538	-0.00059005	29.265	5.5719	0.0046297	-7.6551e-05	-0.0024288
0.54	-0.00037985	31.089	5.4465	0.0043555	2.2282e-05	-0.0023531
0.542	-0.00021496	32.881	5.3211	0.0040813	0.00012112	-0.0022774
0.544	-7.3753e-05	34.643	5.189	0.0038071	0.00021995	-0.0022017
0.546	7.4058e-05	36.37	5.0501	0.003533	0.00031878	-0.002126
0.548	0.00026293	38.062	4.9113	0.0032588	0.00041762	-0.0020503
0.55	0.00052578	39.716	4.7569	0.0026971	0.0004978	-0.0018167
0.552	0.00088847	41.33	4.6025	0.0021355	0.00057798	-0.0015831
0.554	0.0013653	42.902	4.4403	0.0015738	0.00065816	-0.0013495
0.556	0.0019561	44.43	4.2702	0.0010122	0.00073834	-0.0011159
0.558	0.0026467	45.91	4.1002	0.00045053	0.00081852	-0.00088229
0.56	0.003411	47.342	3.9167	-3.0734e-05	0.00084188	-0.0006322
0.562	0.0042156	48.722	3.7332	-0.000512	0.00086524	-0.00038211
0.564	0.0050249	50.05	3.5449	-0.00099326	0.0008886	-0.00013202
0.566	0.0058062	51.321	3.3519	-0.0014745	0.00091196	0.00011807
0.568	0.0065341	52.537	3.1589	-0.0019558	0.00093532	0.00036816
0.57	0.0071932	53.693	2.9613	-0.0021137	0.00087842	0.00047953
0.572	0.0077778	54.789	2.7638	-0.0022715	0.00082153	0.0005909
0.574	0.0082912	55.824	2.5663	-0.0024294	0.00076463	0.00070228
0.576	0.0087424	56.798	2.369	-0.0025873	0.00070773	0.00081365
0.578	0.0091428	57.708	2.1717	-0.0027451	0.00065084	0.00092502
0.58	0.0095037	58.555	1.9783	-0.0026596	0.00054623	0.00082873
0.582	0.0098341	59.339	1.7849	-0.0025741	0.00044161	0.00073244
0.584	0.01014	60.06	1.5944	-0.0024886	0.000337	0.00063616
0.586	0.010424	60.719	1.4068	-0.0024031	0.00023239	0.00053987
0.588	0.01069	61.316	1.2192	-0.0023176	0.00012778	0.00044358
0.59	0.01094	61.853	1.0377	-0.0022009	8.123e-05	0.00025478
0.592	0.011179	62.331	0.85626	-0.0020842	3.4682e-05	6.5988e-05
0.594	0.011415	62.752	0.6776	-0.0019675	-1.1867e-05	-0.00012281
0.596	0.011657	63.116	0.50174	-0.0018508	-5.8415e-05	-0.0003116
0.598	0.011912	63.428	0.32587	-0.0017341	-0.00010496	-0.0005004
0.6	0.012187	63.687	0.15525	-0.0016632	-2.7446e-05	-0.00056572
0.602	0.012483	63.9	-0.015377	-0.0015922	5.0071e-05	-0.00063104
0.604	0.012793	64.065	-0.183	-0.0015213	0.00012759	-0.00069636
0.606	0.013104	64.187	-0.34763	-0.0014504	0.0002051	-0.00076168
0.608	0.013398	64.268	-0.51226	-0.0013794	0.00028262	-0.000827
0.61	0.013653	64.313	-0.66854	-0.0013403	0.00038436	-0.00069342
0.612	0.013847	64.322	-0.82482	-0.0013011	0.00048609	-0.00055983
0.614	0.013966	64.3	-0.97505	-0.001262	0.00058783	-0.00042625
0.616	0.014004	64.247	-1.1192	-0.0012228	0.00068956	-0.00029267
0.618	0.013963	64.169	-1.2634	-0.0011837	0.00079129	-0.00015908
0.62	0.013858	64.067	-1.3911	-0.0012485	0.00075154	1.6957e-05
0.622	0.013713	63.944	-1.5188	-0.0013133	0.00071178	0.000193
0.624	0.013554	63.801	-1.6364	-0.0013781	0.00067202	0.00036903
0.626	0.013409	63.642	-1.7439	-0.0014429	0.00063226	0.00054507
0.628	0.013301	63.468	-1.8514	-0.0015078	0.0005925	0.00072111
0.63	0.013244	63.281	-1.9366	-0.0017495	0.00042169	0.0007467
0.632	0.013241	63.082	-2.0218	-0.0019911	0.00025088	0.00077228
0.634	0.013284	62.874	-2.0959	-0.0022328	8.0074e-05	0.00079787
0.636	0.013357	62.657	-2.1589	-0.0024745	-9.0736e-05	0.00082346
0.638	0.013435	62.432	-2.222	-0.0027162	-0.00026155	0.00084904
0.64	0.013495	62.199	-2.2653	-0.0030013	-0.00034924	0.00072184
0.642	0.013515	61.96	-2.3087	-0.0032864	-0.00043693	0.00059464
0.644	0.013479	61.715	-2.3443	-0.0035715	-0.00052462	0.00046744
0.646	0.013376	61.464	-2.372	-0.0038566	-0.00061231	0.00034024
0.648	0.013204	61.207	-2.3998	-0.0041416	-0.0007	0.00021304
0.65	0.012966	60.944	-2.4166	-0.0042127	-0.00054199	9.5764e-05
0.652	0.012667	60.675	-2.4334	-0.0042838	-0.00038397	-2.1516e-05
0.654	0.012315	60.4	-2.4467	-0.0043549	-0.00022595	-0.0001388
0.656	0.011916	60.119	-2.4565	-0.0044259	-6.7937e-05	-0.00025608
0.658	0.011475	59.831	-2.4664	-0.004497	9.0079e-05	-0.00037336
0.66	0.010998	59.536	-2.4719	-0.0042786	0.0003973	-0.00036636
0.662	0.010489	59.234	-2.4774	-0.0040601	0.00070453	-0.00035937
0.664	0.0099568	58.925	-2.4813	-0.0038417	0.0010118	-0.00035238
0.666	0.0094117	58.61	-2.4834	-0.0036232	0.001319	-0.00034539
0.668	0.0088681	58.288	-2.4856	-0.0034047	0.0016262	-0.00033839
0.67	0.0083416	57.959	-2.4838	-0.0031054	0.0018214	-0.00024854
0.672	0.0078465	57.625	-2.482	-0.0028061	0.0020165	-0.00015869
0.674	0.0073923	57.285	-2.4775	-0.0025067	0.0022117	-6.8837e-05
0.676	0.0069803	56.941	-2.4703	-0.0022074	0.0024068	2.1015e-05
0.678	0.0066003	56.595	-2.4631	-0.001908	0.002602	0.00011087
0.68	0.0062309	56.246	-2.4487	-0.0017912	0.0025405	0.00019468
0.682	0.0058413	55.898	-2.4344	-0.0016743	0.0024791	0.00027849
0.684	0.0053955	55.55	-2.4158	-0.0015575	0.0024177	0.00036229
0.686	0.0048589	55.208	-2.393	-0.0014406	0.0023562	0.0004461
0.688	0.0042048	54.869	-2.3702	-0.0013238	0.0022948	0.00052991
0.69	0.0034208	54.54	-2.3386	-0.0014529	0.0021069	0.0006095
0.692	0.0025136	54.221	-2.3069	-0.001582	0.0019191	0.00068908
0.694	0.0015093	53.916	-2.2709	-0.0017112	0.0017313	0.00076867
0.696	0.00045012	53.625	-2.2306	-0.0018403	0.0015434	0.00084826
0.698	-0.00061071	53.355	-2.1903	-0.0019695	0.0013556	0.00092784
0.7	-0.0016178	53.105	-2.1426	-0.0022107	0.0013026	0.0010727
0.702	-0.0025235	52.88	-2.0948	-0.002452	0.0012496	0.0012175
0.704	-0.0032961	52.682	-2.0441	-0.0026932	0.0011965	0.0013623
0.706	-0.0039256	52.514	-1.9904	-0.0029345	0.0011435	0.0015071
0.708	-0.0044252	52.378	-1.9367	-0.0031758	0.0010905	0.0016519
0.71	-0.0048286	52.278	-1.8789	-0.0033575	0.0012536	0.0018435
0.712	-0.0051841	52.214	-1.8211	-0.0035393	0.0014167	0.0020351
0.714	-0.0055446	52.191	-1.7621	-0.0037211	0.0015798	0.0022267
0.716	-0.0059577	52.208	-1.7021	-0.0039028	0.0017429	0.0024183
0.718	-0.0064562	52.267	-1.642	-0.0040846	0.0019061	0.0026099
0.72	-0.0070524	52.37	-1.5816	-0.0040615	0.002051	0.0026658
0.722	-0.0077358	52.518	-1.5212	-0.0040385	0.0021959	0.0027217
0.724	-0.0084755	52.71	-1.4616	-0.0040154	0.0023409	0.0027776
0.726	-0.0092273	52.947	-1.4026	-0.0039924	0.0024858	0.0028335
0.728	-0.0099424	53.229	-1.3437	-0.0039693	0.0026307	0.0028893
0.73	-0.010578	53.554	-1.2878	-0.0036112	0.0024502	0.0026351
0.732	-0.011105	53.922	-1.232	-0.0032531	0.0022697	0.0023808
0.734	-0.011515	54.33	-1.1785	-0.0028951	0.0020892	0.0021265
0.736	-0.011824	54.778	-1.1273	-0.002537	0.0019086	0.0018722
0.738	-0.012063	55.261	-1.0761	-0.0021789	0.0017281	0.0016179
0.74	-0.01228	55.78	-1.0309	-0.0014708	0.0012246	0.0011406
0.742	-0.012524	56.327	-0.98576	-0.00076277	0.00072103	0.00066327
0.744	-0.012838	56.903	-0.94419	-5.4699e-05	0.00021748	0.00018595
0.746	-0.013251	57.501	-0.90621	0.00065337	-0.00028606	-0.00029138
0.748	-0.01377	58.12	-0.86823	0.0013614	-0.00078961	-0.0007687
0.75	-0.014381	58.752	-0.83844	0.0021875	-0.0012601	-0.0011599
0.752	-0.015049	59.398	-0.80864	0.0030135	-0.0017307	-0.0015511
0.754	-0.015726	60.048	-0.78333	0.0038396	-0.0022012	-0.0019423
0.756	-0.016355	60.702	-0.76252	0.0046656	-0.0026717	-0.0023336
0.758	-0.01689	61.351	-0.74171	0.0054917	-0.0031422	-0.0027248
0.76	-0.017292	61.996	-0.73049	0.0060602	-0.0032591	-0.0028305
0.762	-0.017544	62.627	-0.71926	0.0066286	-0.003376	-0.0029363
0.764	-0.017652	63.244	-0.71301	0.0071971	-0.0034928	-0.003042
0.766	-0.017641	63.84	-0.71172	0.0077656	-0.0036097	-0.0031478
0.768	-0.017552	64.414	-0.71043	0.0083341	-0.0037266	-0.0032535
0.77	-0.017434	64.96	-0.7191	0.008439	-0.0035609	-0.0031648
0.772	-0.017338	65.476	-0.72777	0.0085439	-0.0033951	-0.003076
0.774	-0.017304	65.958	-0.74126	0.0086488	-0.0032294	-0.0029873
0.776	-0.017359	66.405	-0.75956	0.0087537	-0.0030637	-0.0028986
0.778	-0.017514	66.814	-0.77785	0.0088586	-0.0028979	-0.0028098
0.78	-0.017758	67.183	-0.80508	0.0086432	-0.0028059	-0.0027316
0.782	-0.018069	67.511	-0.8323	0.0084278	-0.0027138	-0.0026533
0.784	-0.018416	67.797	-0.86352	0.0082123	-0.0026218	-0.002575
0.786	-0.018766	68.042	-0.89873	0.0079969	-0.0025298	-0.0024967
0.788	-0.019091	68.243	-0.93394	0.0077815	-0.0024377	-0.0024184
0.79	-0.019376	68.404	-0.97609	0.0075692	-0.0026262	-0.0024298
0.792	-0.019618	68.524	-1.0182	0.0073568	-0.0028147	-0.0024412
0.794	-0.019826	68.604	-1.0634	0.0071445	-0.0030032	-0.0024526
0.796	-0.020023	68.647	-1.1115	0.0069322	-0.0031916	-0.002464
0.798	-0.020232	68.654	-1.1596	0.0067198	-0.0033801	-0.0024753
0.8	-0.020477	68.628	-1.213	0.0066602	-0.0036553	-0.0024953
0.802	-0.020773	68.572	-1.2663	0.0066006	-0.0039305	-0.0025153
0.804	-0.021122	68.487	-1.322	0.0065411	-0.0042057	-0.0025353
0.806	-0.021509	68.379	-1.38	0.0064815	-0.0044808	-0.0025553
0.808	-0.02191	68.248	-1.4379	0.0064219	-0.004756	-0.0025752
0.81	-0.022289	68.1	-1.5	0.0063384	-0.004753	-0.0024711
0.812	-0.022607	67.936	-1.562	0.006255	-0.00475	-0.002367
0.814	-0.022833	67.762	-1.6257	0.0061715	-0.004747	-0.0022628
0.816	-0.022944	67.578	-1.6911	0.0060881	-0.004744	-0.0021587
0.818	-0.022936	67.391	-1.7564	0.0060046	-0.004741	-0.0020545
0.82	-0.022822	67.199	-1.8241	0.0056424	-0.0043694	-0.0017637
0.822	-0.02263	67.01	-1.8917	0.0052801	-0.0039979	-0.0014729
0.824	-0.022398	66.822	-1.9599	0.0049178	-0.0036264	-0.0011821
0.826	-0.022166	66.64	-2.0285	0.0045555	-0.0032548	-0.00089131
0.828	-0.021971	66.465	-2.0971	0.0041933	-0.0028833	-0.00060051
0.83	-0.021836	66.298	-2.1652	0.0035724	-0.0024513	-0.00021702
0.832	-0.021771	66.141	-2.2334	0.0029515	-0.0020194	0.00016646
0.834	-0.021766	65.995	-2.3007	0.0023307	-0.0015874	0.00054995
0.836	-0.0218	65.859	-2.3673	0.0017098	-0.0011555	0.00093343
0.838	-0.021845	65.733	-2.4339	0.0010889	-0.00072353	0.0013169
0.84	-0.021872	65.619	-2.4984	0.00049651	-0.00059067	0.0015742
0.842	-0.021857	65.512	-2.563	-9.5905e-05	-0.00045781	0.0018314
0.844	-0.02179	65.415	-2.6268	-0.00068832	-0.00032495	0.0020886
0.846	-0.021674	65.323	-2.6899	-0.0012807	-0.00019209	0.0023459
0.848	-0.021525	65.236	-2.753	-0.0018731	-5.923e-05	0.0026031
0.85	-0.021365	65.15	-2.8161	-0.0022222	-0.00024278	0.0025841
0.852	-0.021221	65.065	-2.8792	-0.0025712	-0.00042634	0.0025652
0.854	-0.021111	64.974	-2.9433	-0.0029203	-0.00060989	0.0025462
0.856	-0.021046	64.878	-3.0085	-0.0032693	-0.00079344	0.0025272
0.858	-0.021026	64.77	-3.0736	-0.0036183	-0.000977	0.0025082
0.86	-0.021037	64.651	-3.1429	-0.0037604	-0.0011581	0.0023014
0.862	-0.021059	64.512	-3.2121	-0.0039024	-0.0013392	0.0020945
0.864	-0.02107	64.355	-3.2841	-0.0040444	-0.0015203	0.0018877
0.866	-0.021053	64.172	-3.3588	-0.0041864	-0.0017015	0.0016809
0.868	-0.020998	63.962	-3.4335	-0.0043284	-0.0018826	0.001474
0.87	-0.020906	63.72	-3.5139	-0.0043735	-0.0017681	0.0013072
0.872	-0.020786	63.446	-3.5943	-0.0044187	-0.0016537	0.0011404
0.874	-0.020653	63.132	-3.6771	-0.0044638	-0.0015392	0.00097363
0.876	-0.02052	62.78	-3.7622	-0.0045089	-0.0014247	0.00080683
0.878	-0.020394	62.384	-3.8474	-0.004554	-0.0013103	0.00064003
0.88	-0.020273	61.945	-3.9354	-0.004491	-0.00093528	0.00061338
0.882	-0.020145	61.458	-4.0233	-0.0044279	-0.00056028	0.00058672
0.884	-0.019989	60.924	-4.1116	-0.0043649	-0.00018529	0.00056006
0.886	-0.019787	60.341	-4.2003	-0.0043019	0.00018971	0.00053341
0.888	-0.019524	59.709	-4.2889	-0.0042388	0.0005647	0.00050675
0.89	-0.0192	59.027	-4.3762	-0.0040027	0.00090588	0.000519
0.892	-0.018831	58.295	-4.4636	-0.0037666	0.0012471	0.00053126
0.894	-0.018447	57.515	-4.5497	-0.0035304	0.0015882	0.00054351
0.896	-0.018086	56.686	-4.6348	-0.0032943	0.0019294	0.00055577
0.898	-0.017785	55.811	-4.7198	-0.0030582	0.0022706	0.00056802
0.9	-0.017568	54.891	-4.8024	-0.0027018	0.0023566	0.00052254
0.902	-0.017438	53.929	-4.885	-0.0023454	0.0024425	0.00047705
0.904	-0.017371	52.926	-4.9669	-0.001989	0.0025285	0.00043157
0.906	-0.017316	51.887	-5.048	-0.0016326	0.0026145	0.00038608
0.908	-0.017208	50.812	-5.129	-0.0012763	0.0027004	0.0003406
0.91	-0.016977	49.706	-5.2097	-0.00098969	0.0025984	0.00031309
0.912	-0.016569	48.571	-5.2904	-0.00070311	0.0024964	0.00028559
0.914	-0.015957	47.413	-5.3714	-0.00041653	0.0023944	0.00025809
0.916	-0.015153	46.231	-5.4528	-0.00012995	0.0022924	0.00023059
0.918	-0.014209	45.033	-5.5342	0.00015663	0.0021904	0.00020308
0.92	-0.013207	43.819	-5.617	0.0001874	0.0021421	0.00033082
0.922	-0.012243	42.595	-5.6998	0.00021816	0.0020939	0.00045855
0.924	-0.011402	41.361	-5.7833	0.00024893	0.0020456	0.00058628
0.926	-0.010743	40.123	-5.8676	0.00027969	0.0019974	0.00071402
0.928	-0.010277	38.882	-5.9519	0.00031046	0.0019491	0.00084175
0.93	-0.0099648	37.642	-6.0372	7.9275e-05	0.0020785	0.0010925
0.932	-0.0097231	36.402	-6.1226	-0.00015191	0.0022078	0.0013433
0.934	-0.0094425	35.168	-6.2081	-0.0003831	0.0023371	0.0015941
0.936	-0.0090137	33.939	-6.2939	-0.00061428	0.0024664	0.0018448
0.938	-0.0083549	32.716	-6.3796	-0.00084547	0.0025957	0.0020956
0.94	-0.0074339	31.501	-6.465	-0.0010912	0.0027577	0.0022386
0.942	-0.006279	30.294	-6.5505	-0.001337	0.0029197	0.0023816
0.944	-0.0049741	29.094	-6.6354	-0.0015827	0.0030817	0.0025246
0.946	-0.0036394	27.901	-6.7199	-0.0018285	0.0032438	0.0026676
0.948	-0.0023999	26.716	-6.8043	-0.0020743	0.0034058	0.0028106
0.95	-0.0013513	25.535	-6.8873	-0.0020182	0.0033537	0.0026601
0.952	-0.00052852	24.358	-6.9703	-0.0019621	0.0033017	0.0025095
0.954	0.00011106	23.182	-7.0523	-0.001906	0.0032497	0.002359
0.956	0.00068668	22.007	-7.1334	-0.00185	0.0031976	0.0022085
0.958	0.0013724	20.828	-7.2145	-0.0017939	0.0031456	0.002058
0.96	0.0023584	19.644	-7.2933	-0.0014247	0.0028428	0.001703
0.962	0.0038043	18.45	-7.3721	-0.0010556	0.0025401	0.001348
0.964	0.0057933	17.247	-7.4496	-0.00068645	0.0022373	0.00099303
0.966	0.0082999	16.027	-7.526	-0.0003173	0.0019346	0.00063804
0.968	0.01118	14.79	-7.6024	5.1846e-05	0.0016318	0.00028305
0.97	0.014189	13.531	-7.6767	0.00034361	0.0013162	-2.882e-06
0.972	0.017021	12.249	-7.7509	0.00063537	0.0010006	-0.00028881
0.974	0.019373	10.938	-7.8244	0.00092713	0.00068507	-0.00057475
0.976	0.021004	9.5982	-7.8971	0.0012189	0.0003695	-0.00086068
0.978	0.021791	8.2236	-7.9699	0.0015107	5.3923e-05	-0.0011466
0.98	0.021767	6.8145	-8.0423	0.001404	-6.5791e-05	-0.0012233
0.982	0.021111	5.3664	-8.1148	0.0012973	-0.0001855	-0.0013001
0.984	0.020127	3.8792	-8.1877	0.0011906	-0.00030522	-0.0013768
0.986	0.019175	2.3496	-8.261	0.0010839	-0.00042493	-0.0014535
0.988	0.0186	0.7778	-8.3343	0.00097726	-0.00054465	-0.0015302
0.99	0.018656	-0.83802	-8.4093	0.00069415	-0.00054577	-0.0015163
0.992	0.019449	-2.4978	-8.4843	0.00041104	-0.00054689	-0.0015023
0.994	0.020912	-4.2016	-8.5599	0.00012794	-0.00054801	-0.0014884
0.996	0.022814	-5.9493	-8.6363	-0.00015517	-0.00054913	-0.0014744
0.998	0.024812	-7.7392	-8.7127	-0.00043827	-0.00055025	-0.0014605
1	0.026523	-9.5712	-8.789	-0.00044554	-0.00060498	-0.0014921
1.002	0.027608	-11.442	-8.8653	-0.00045281	-0.00065971	-0.0015237
1.004	0.027851	-13.351	-8.9402	-0.00046008	-0.00071443	-0.0015553
1.006	0.027201	-15.293	-9.0137	-0.00046735	-0.00076916	-0.0015869
1.008	0.025788	-17.269	-9.0872	-0.00047461	-0.00082389	-0.0016185
1.01	0.023889	-19.271	-9.1548	-0.00026039	-0.00086155	-0.001616
1.012	0.021867	-21.3	-9.2225	-4.6163e-05	-0.0008992	-0.0016135
1.014	0.020079	-23.347	-9.286	0.00016806	-0.00093686	-0.001611
1.016	0.018797	-25.412	-9.3454	0.00038229	-0.00097452	-0.0016085
1.018	0.018138	-27.488	-9.4049	0.00059651	-0.0010122	-0.001606
1.02	0.018036	-29.572	-9.4555	0.00051373	-0.00082534	-0.0014251
1.022	0.018255	-31.657	-9.5061	0.00043095	-0.0006385	-0.0012441
1.024	0.018441	-33.742	-9.5533	0.00034817	-0.00045166	-0.0010632
1.026	0.018209	-35.817	-9.597	0.00026539	-0.00026483	-0.00088228
1.028	0.017233	-37.883	-9.6408	0.00018261	-7.7989e-05	-0.00070135
1.03	0.015329	-39.93	-9.6821	-0.00030007	0.00025231	-0.00042451
1.032	0.012503	-41.957	-9.7234	-0.00078275	0.0005826	-0.00014768
1.034	0.0089625	-43.957	-9.7665	-0.0012654	0.0009129	0.00012916
1.036	0.0050726	-45.929	-9.8112	-0.0017481	0.0012432	0.000406
1.038	0.0012835	-47.865	-9.856	-0.0022308	0.0015735	0.00068284
1.04	-0.0019667	-49.766	-9.9098	-0.0024825	0.001649	0.00080026
1.042	-0.0043462	-51.624	-9.9636	-0.0027342	0.0017246	0.00091768
1.044	-0.0056987	-53.439	-10.024	-0.002986	0.0018001	0.0010351
1.046	-0.0060742	-55.208	-10.09	-0.0032377	0.0018757	0.0011525
1.048	-0.0057116	-56.928	-10.156	-0.0034894	0.0019512	0.0012699
1.05	-0.0049805	-58.598	-10.235	-0.0030088	0.0015789	0.0011339
1.052	-0.0042916	-60.217	-10.313	-0.0025281	0.0012065	0.00099781
1.054	-0.0040011	-61.783	-10.396	-0.0020474	0.00083416	0.00086175
1.056	-0.0043304	-63.297	-10.483	-0.0015667	0.00046181	0.00072569
1.058	-0.0053205	-64.758	-10.569	-0.001086	8.9451e-05	0.00058963
1.06	-0.006829	-66.167	-10.657	-0.000288	-0.00037324	0.00039191
1.062	-0.0085736	-67.526	-10.744	0.00051005	-0.00083593	0.00019419
1.064	-0.010209	-68.834	-10.827	0.0013081	-0.0012986	-3.5296e-06
1.066	-0.011415	-70.095	-10.907	0.0021062	-0.0017613	-0.00020125
1.068	-0.011981	-71.31	-10.986	0.0029042	-0.002224	-0.00039897
1.07	-0.011856	-72.482	-11.05	0.0031648	-0.0022535	-0.0004197
1.072	-0.011159	-73.613	-11.114	0.0034253	-0.002283	-0.00044043
1.074	-0.010144	-74.707	-11.168	0.0036858	-0.0023125	-0.00046116
1.076	-0.0091302	-75.766	-11.212	0.0039464	-0.002342	-0.00048189
1.078	-0.0084107	-76.796	-11.256	0.0042069	-0.0023715	-0.00050262
1.08	-0.0081728	-77.798	-11.282	0.0036849	-0.0019149	-0.00031708
1.082	-0.0084424	-78.778	-11.307	0.0031629	-0.0014584	-0.00013155
1.084	-0.0090737	-79.737	-11.326	0.0026408	-0.0010019	5.3987e-05
1.086	-0.0097859	-80.683	-11.338	0.0021188	-0.00054533	0.00023952
1.088	-0.01024	-81.615	-11.35	0.0015968	-8.8804e-05	0.00042506
1.09	-0.010138	-82.542	-11.357	0.00085673	0.00040465	0.00066503
1.092	-0.0093147	-83.463	-11.364	0.00011666	0.0008981	0.000905
1.094	-0.007802	-84.386	-11.372	-0.00062341	0.0013915	0.001145
1.096	-0.0058411	-85.311	-11.383	-0.0013635	0.001885	0.0013849
1.098	-0.0038375	-86.245	-11.394	-0.0021036	0.0023784	0.0016249
1.1	-0.0022645	-87.187	-11.415	-0.0024266	0.002537	0.0017824
1.102	-0.0015354	-88.144	-11.437	-0.0027497	0.0026955	0.0019398
1.104	-0.0018753	-89.115	-11.465	-0.0030728	0.002854	0.0020973
1.106	-0.0032235	-90.106	-11.5	-0.0033959	0.0030125	0.0022548
1.108	-0.0051967	-91.116	-11.534	-0.0037189	0.003171	0.0024122
1.11	-0.0071278	-92.149	-11.581	-0.003536	0.0030835	0.0024535
1.112	-0.0081811	-93.205	-11.627	-0.003353	0.0029961	0.0024948
1.114	-0.007523	-94.287	-11.676	-0.0031701	0.0029087	0.002536
1.116	-0.0045182	-95.394	-11.728	-0.0029871	0.0028212	0.0025773
1.118	0.0010922	-96.528	-11.78	-0.0028042	0.0027338	0.0026185
1.12	0.0090702	-97.689	-11.83	-0.002493	0.0027079	0.0025632
1.122	0.01865	-98.877	-11.88	-0.0021819	0.002682	0.0025079
1.124	0.028614	-100.09	-11.925	-0.0018707	0.0026561	0.0024526
1.126	0.037459	-101.33	-11.965	-0.0015596	0.0026302	0.0023973
1.128	0.04364	-102.6	-12.006	-0.0012484	0.0026043	0.002342
1.13	0.045838	-103.89	-12.033	-0.0011972	0.0027316	0.0022235
1.132	0.043204	-105.2	-12.06	-0.001146	0.002859	0.0021051
1.134	0.035533	-106.53	-12.079	-0.0010948	0.0029863	0.0019867
1.136	0.023332	-107.89	-12.092	-0.0010436	0.0031137	0.0018682
1.138	0.0077593	-109.26	-12.105	-0.00099235	0.003241	0.0017498
1.14	-0.0095343	-110.65	-12.107	-0.0012149	0.003316	0.0016072
1.142	-0.026666	-112.06	-12.109	-0.0014375	0.0033909	0.0014646
1.144	-0.041812	-113.47	-12.109	-0.00166	0.0034659	0.0013221
1.146	-0.053482	-114.9	-12.106	-0.0018826	0.0035408	0.0011795
1.148	-0.060735	-116.34	-12.104	-0.0021051	0.0036158	0.0010369
1.15	-0.063293	-117.78	-12.104	-0.0022094	0.003393	0.00087618
1.152	-0.061537	-119.23	-12.104	-0.0023138	0.0031703	0.00071545
1.154	-0.056397	-120.69	-12.109	-0.0024181	0.0029476	0.00055471
1.156	-0.04915	-122.14	-12.117	-0.0025224	0.0027248	0.00039398
1.158	-0.041185	-123.59	-12.125	-0.0026268	0.0025021	0.00023324
1.16	-0.033758	-125.05	-12.144	-0.002244	0.0019514	2.3536e-05
1.162	-0.027808	-126.5	-12.163	-0.0018613	0.0014008	-0.00018617
1.164	-0.023844	-127.94	-12.188	-0.0014786	0.00085014	-0.00039587
1.166	-0.021918	-129.38	-12.217	-0.0010959	0.0002995	-0.00060558
1.168	-0.021696	-130.81	-12.246	-0.00071315	-0.00025114	-0.00081528
1.17	-0.022587	-132.24	-12.282	1.2407e-05	-0.00089841	-0.0010568
1.172	-0.023904	-133.65	-12.318	0.00073796	-0.0015457	-0.0012984
1.174	-0.025023	-135.06	-12.355	0.0014635	-0.002193	-0.0015399
1.176	-0.025508	-136.46	-12.393	0.0021891	-0.0028402	-0.0017815
1.178	-0.025175	-137.86	-12.431	0.0029146	-0.0034875	-0.002023
1.18	-0.024093	-139.24	-12.465	0.0034283	-0.0038802	-0.002182
1.182	-0.022534	-140.61	-12.5	0.0039419	-0.0042728	-0.002341
1.184	-0.020878	-141.98	-12.531	0.0044555	-0.0046655	-0.0025001
1.186	-0.019506	-143.34	-12.559	0.0049692	-0.0050582	-0.0026591
1.188	-0.018709	-144.7	-12.587	0.0054828	-0.0054508	-0.0028181
1.19	-0.018623	-146.05	-12.607	0.0054206	-0.005329	-0.0027655
1.192	-0.019215	-147.39	-12.627	0.0053584	-0.0052071	-0.0027129
1.194	-0.020302	-148.73	-12.644	0.0052962	-0.0050852	-0.0026603
1.196	-0.021609	-150.07	-12.657	0.005234	-0.0049634	-0.0026078
1.198	-0.022841	-151.41	-12.67	0.0051717	-0.0048415	-0.0025552
1.2	-0.023753	-152.74	-12.68	0.0046596	-0.0042194	-0.002278
1.202	-0.024203	-154.08	-12.689	0.0041474	-0.0035973	-0.0020009
1.204	-0.024169	-155.42	-12.698	0.0036352	-0.0029752	-0.0017237
1.206	-0.023746	-156.77	-12.706	0.0031231	-0.0023531	-0.0014466
1.208	-0.023106	-158.12	-12.715	0.0026109	-0.001731	-0.0011694
1.21	-0.022449	-159.48	-12.727	0.0020057	-0.00097019	-0.00082011
1.212	-0.021953	-160.85	-12.738	0.0014006	-0.0002094	-0.00047079
1.214	-0.021729	-162.22	-12.753	0.00079542	0.0005514	-0.00012147
1.216	-0.021807	-163.61	-12.77	0.00019027	0.0013122	0.00022785
1.218	-0.022134	-165.01	-12.788	-0.00041489	0.002073	0.00057717
1.22	-0.022598	-166.41	-12.813	-0.00080273	0.0024319	0.0007789
1.222	-0.023067	-167.84	-12.838	-0.0011906	0.0027908	0.00098063
1.224	-0.023422	-169.27	-12.867	-0.0015784	0.0031498	0.0011824
1.226	-0.023589	-170.72	-12.901	-0.0019663	0.0035087	0.0013841
1.228	-0.023555	-172.19	-12.935	-0.0023541	0.0038676	0.0015858
1.23	-0.023363	-173.67	-12.979	-0.0023074	0.0035227	0.0015424
1.232	-0.023095	-175.16	-13.023	-0.0022608	0.0031778	0.0014991
1.234	-0.022845	-176.67	-13.072	-0.0022141	0.0028329	0.0014557
1.236	-0.022691	-178.19	-13.127	-0.0021674	0.002488	0.0014123
1.238	-0.022671	-179.73	-13.181	-0.0021207	0.0021431	0.0013689
1.24	-0.022778	-181.28	-13.247	-0.0016367	0.0013542	0.001189
1.242	-0.022958	-182.85	-13.312	-0.0011526	0.00056538	0.0010091
1.244	-0.023135	-184.42	-13.383	-0.00066849	-0.00022346	0.00082924
1.246	-0.023228	-186.01	-13.46	-0.00018441	-0.0010123	0.00064935
1.248	-0.02318	-187.61	-13.537	0.00029967	-0.0018011	0.00046945
1.25	-0.022973	-189.22	-13.623	0.00084758	-0.0023971	0.0003271
1.252	-0.022634	-190.83	-13.71	0.0013955	-0.0029931	0.00018476
1.254	-0.022226	-192.45	-13.8	0.0019434	-0.0035891	4.2408e-05
1.256	-0.021834	-194.07	-13.894	0.0024913	-0.0041851	-9.994e-05
1.258	-0.021538	-195.7	-13.988	0.0030392	-0.004781	-0.00024229
1.26	-0.021389	-197.32	-14.085	0.003164	-0.0047771	-0.00030547
1.262	-0.021397	-198.95	-14.181	0.0032888	-0.0047731	-0.00036865
1.264	-0.021521	-200.57	-14.276	0.0034136	-0.0047691	-0.00043183
1.266	-0.021684	-202.19	-14.368	0.0035384	-0.0047651	-0.00049501
1.268	-0.021783	-203.8	-14.46	0.0036632	-0.0047612	-0.0005582
1.27	-0.021723	-205.4	-14.54	0.0033355	-0.0043732	-0.00064998
1.272	-0.021436	-207	-14.619	0.0030078	-0.0039853	-0.00074177
1.274	-0.0209	-208.58	-14.687	0.0026801	-0.0035974	-0.00083355
1.276	-0.020143	-210.14	-14.745	0.0023524	-0.0032095	-0.00092534
1.278	-0.019241	-211.69	-14.802	0.0020247	-0.0028216	-0.0010171
1.28	-0.018293	-213.22	-14.828	0.0017494	-0.0025829	-0.0012376
1.282	-0.017403	-214.74	-14.854	0.0014742	-0.0023442	-0.0014581
1.284	-0.016648	-216.23	-14.861	0.001199	-0.0021055	-0.0016786
1.286	-0.016065	-217.7	-14.848	0.00092375	-0.0018668	-0.001899
1.288	-0.015638	-219.15	-14.835	0.00064853	-0.0016281	-0.0021195
1.29	-0.015304	-220.57	-14.777	0.00081595	-0.0017302	-0.002413
1.292	-0.014966	-221.97	-14.718	0.00098337	-0.0018323	-0.0027065
1.294	-0.014522	-223.34	-14.636	0.0011508	-0.0019345	-0.0029999
1.296	-0.013889	-224.68	-14.529	0.0013182	-0.0020366	-0.0032934
1.298	-0.01302	-226	-14.421	0.0014856	-0.0021388	-0.0035869
1.3	-0.011923	-227.28	-14.263	0.0018359	-0.00226	-0.0037413
1.302	-0.010652	-228.54	-14.105	0.0021862	-0.0023812	-0.0038957
1.304	-0.009303	-229.76	-13.922	0.0025365	-0.0025024	-0.0040501
1.306	-0.007982	-230.96	-13.713	0.0028867	-0.0026236	-0.0042045
1.308	-0.0067865	-232.12	-13.504	0.003237	-0.0027448	-0.0043589
1.31	-0.0057792	-233.26	-13.245	0.0031779	-0.002568	-0.0041882
1.312	-0.0049735	-234.36	-12.986	0.0031188	-0.0023912	-0.0040175
1.314	-0.0043309	-235.43	-12.703	0.0030597	-0.0022144	-0.0038468
1.316	-0.0037698	-236.47	-12.396	0.0030006	-0.0020377	-0.0036761
1.318	-0.0031837	-237.47	-12.088	0.0029415	-0.0018609	-0.0035053
1.32	-0.002467	-238.44	-11.733	0.0023	-0.0015267	-0.0030816
1.322	-0.0015384	-239.38	-11.379	0.0016584	-0.0011925	-0.002658
1.324	-0.00035851	-240.28	-11.002	0.0010169	-0.00085837	-0.0022343
1.326	0.001062	-241.15	-10.603	0.00037536	-0.00052419	-0.0018106
1.328	0.0026666	-241.98	-10.203	-0.00026618	-0.00019002	-0.0013869
1.33	0.0043672	-242.77	-9.7626	-0.0010381	-5.0191e-05	-0.0010257
1.332	0.0060651	-243.53	-9.3218	-0.00181	8.9637e-05	-0.00066459
1.334	0.0076739	-244.24	-8.8627	-0.002582	0.00022946	-0.00030345
1.336	0.0091393	-244.91	-8.3853	-0.0033539	0.00036929	5.7695e-05
1.338	0.01045	-245.54	-7.9078	-0.0041258	0.00050912	0.00041884
1.34	0.011637	-246.12	-7.4005	-0.0045039	0.00043338	0.00050764
1.342	0.012768	-246.64	-6.8932	-0.0048819	0.00035763	0.00059644
1.344	0.013927	-247.12	-6.3753	-0.00526	0.00028189	0.00068524
1.346	0.015199	-247.54	-5.847	-0.005638	0.00020615	0.00077404
1.348	0.016646	-247.91	-5.3187	-0.0060161	0.0001304	0.00086284
1.35	0.018297	-248.21	-4.7797	-0.0059563	0.00018493	0.00084168
1.352	0.020146	-248.44	-4.2407	-0.0058965	0.00023946	0.00082052
1.354	0.022148	-248.6	-3.7018	-0.0058368	0.00029398	0.00079937
1.356	0.024239	-248.69	-3.163	-0.005777	0.00034851	0.00077821
1.358	0.026347	-248.7	-2.6242	-0.0057172	0.00040304	0.00075705
1.36	0.028408	-248.63	-2.0956	-0.0055456	0.00081017	0.00091982
1.362	0.03038	-248.47	-1.5671	-0.005374	0.0012173	0.0010826
1.364	0.032246	-248.22	-1.0478	-0.0052024	0.0016244	0.0012454
1.366	0.034019	-247.86	-0.53768	-0.0050308	0.0020316	0.0014081
1.368	0.03573	-247.41	-0.027585	-0.0048593	0.0024387	0.0015709
1.37	0.037421	-246.84	0.45845	-0.0047475	0.0029624	0.0018834
1.372	0.039131	-246.17	0.94448	-0.0046357	0.0034862	0.0021958
1.374	0.04089	-245.38	1.417	-0.0045239	0.0040099	0.0025083
1.376	0.042708	-244.47	1.8759	-0.004412	0.0045336	0.0028208
1.378	0.044581	-243.43	2.3348	-0.0043002	0.0050573	0.0031332
1.38	0.046488	-242.26	2.7654	-0.0040593	0.0052092	0.0032403
1.382	0.048404	-240.96	3.196	-0.0038183	0.005361	0.0033473
1.384	0.050304	-239.53	3.6122	-0.0035773	0.0055129	0.0034543
1.386	0.052168	-237.96	4.014	-0.0033364	0.0056647	0.0035614
1.388	0.053986	-236.24	4.4158	-0.0030954	0.0058166	0.0036684
1.39	0.055757	-234.39	4.7877	-0.002527	0.0053348	0.0033934
1.392	0.057485	-232.39	5.1597	-0.0019586	0.004853	0.0031183
1.394	0.059172	-230.24	5.5156	-0.0013902	0.0043713	0.0028433
1.396	0.060818	-227.96	5.8555	-0.00082174	0.0038895	0.0025683
1.398	0.062414	-225.53	6.1953	-0.00025333	0.0034078	0.0022932
1.4	0.063949	-222.95	6.4994	0.00046563	0.002543	0.0018908
1.402	0.065408	-220.24	6.8034	0.0011846	0.0016783	0.0014883
1.404	0.066782	-217.39	7.0874	0.0019035	0.00081354	0.0010858
1.406	0.06807	-214.4	7.3512	0.0026225	-5.1208e-05	0.00068336
1.408	0.069285	-211.28	7.6151	0.0033415	-0.00091595	0.0002809
1.41	0.070452	-208.04	7.8347	0.0037879	-0.001583	8.1795e-05
1.412	0.071606	-204.68	8.0544	0.0042343	-0.0022501	-0.00011731
1.414	0.072779	-201.2	8.2508	0.0046807	-0.0029171	-0.00031641
1.416	0.073994	-197.61	8.4241	0.0051271	-0.0035842	-0.00051552
1.418	0.075252	-193.92	8.5973	0.0055735	-0.0042512	-0.00071462
1.42	0.076532	-190.13	8.7245	0.0055441	-0.0043467	-0.00070225
1.422	0.077781	-186.26	8.8516	0.0055146	-0.0044422	-0.00068988
1.424	0.07893	-182.3	8.9574	0.0054852	-0.0045378	-0.0006775
1.426	0.079898	-178.28	9.0417	0.0054558	-0.0046333	-0.00066513
1.428	0.080611	-174.19	9.126	0.0054263	-0.0047288	-0.00065276
1.43	0.081014	-170.04	9.1728	0.0051282	-0.0044373	-0.00064573
1.432	0.081086	-165.85	9.2197	0.0048301	-0.0041458	-0.00063871
1.434	0.080844	-161.62	9.251	0.004532	-0.0038542	-0.00063168
1.436	0.080342	-157.36	9.2668	0.0042339	-0.0035627	-0.00062465
1.438	0.079659	-153.08	9.2826	0.0039358	-0.0032712	-0.00061763
1.44	0.078886	-148.78	9.2735	0.0037052	-0.0030583	-0.00072958
1.442	0.078106	-144.48	9.2644	0.0034746	-0.0028455	-0.00084153
1.444	0.077378	-140.18	9.2452	0.003244	-0.0026326	-0.00095348
1.446	0.076723	-135.9	9.216	0.0030134	-0.0024198	-0.0010654
1.448	0.076122	-131.62	9.1868	0.0027829	-0.0022069	-0.0011774
1.45	0.075522	-127.37	9.1406	0.0027083	-0.0022343	-0.0013203
1.452	0.074844	-123.15	9.0944	0.0026337	-0.0022617	-0.0014632
1.454	0.074004	-118.96	9.0406	0.0025592	-0.002289	-0.0016061
1.456	0.07293	-114.8	8.9792	0.0024846	-0.0023164	-0.001749
1.458	0.071575	-110.69	8.9179	0.0024101	-0.0023437	-0.0018919
1.46	0.069931	-106.62	8.8425	0.0022665	-0.0023235	-0.0018928
1.462	0.068026	-102.59	8.7672	0.002123	-0.0023032	-0.0018936
1.464	0.065915	-98.613	8.6856	0.0019795	-0.0022829	-0.0018945
1.466	0.063671	-94.682	8.5978	0.001836	-0.0022627	-0.0018953
1.468	0.061364	-90.799	8.51	0.0016924	-0.0022424	-0.0018962
1.47	0.059052	-86.963	8.412	0.001244	-0.0018809	-0.0016487
1.472	0.056762	-83.174	8.314	0.00079564	-0.0015195	-0.0014012
1.474	0.054493	-79.429	8.2126	0.00034724	-0.001158	-0.0011537
1.476	0.052218	-75.728	8.1075	-0.00010116	-0.00079654	-0.00090617
1.478	0.049895	-72.065	8.0025	-0.00054955	-0.00043508	-0.00065867
1.48	0.04748	-68.441	7.8939	-0.0012017	0.0001584	-0.00025194
1.482	0.044944	-64.849	7.7853	-0.0018538	0.00075188	0.00015479
1.484	0.042279	-61.288	7.6763	-0.0025059	0.0013454	0.00056152
1.486	0.039504	-57.75	7.567	-0.003158	0.0019388	0.00096825
1.488	0.036666	-54.237	7.4577	-0.0038102	0.0025323	0.001375
1.49	0.033823	-50.739	7.3497	-0.0042782	0.002973	0.0016793
1.492	0.031038	-47.255	7.2417	-0.0047462	0.0034137	0.0019836
1.494	0.028361	-43.78	7.1348	-0.0052143	0.0038544	0.0022879
1.496	0.02582	-40.311	7.029	-0.0056823	0.0042951	0.0025922
1.498	0.023412	-36.841	6.9232	-0.0061503	0.0047358	0.0028965
1.5	0.02111	-33.372	6.8196	-0.0061956	0.0048015	0.0029177
1.502	0.018867	-29.895	6.716	-0.0062409	0.0048671	0.0029388
1.504	0.016632	-26.412	6.6135	-0.0062862	0.0049328	0.00296
1.506	0.014363	-22.918	6.5121	-0.0063315	0.0049985	0.0029812
1.508	0.01204	-19.413	6.4107	-0.0063768	0.0050642	0.0030023
1.51	0.00967	-15.894	6.3119	-0.006156	0.0049022	0.002856
1.512	0.0072912	-12.362	6.2131	-0.0059353	0.0047402	0.0027096
1.514	0.0049626	-8.8158	6.1162	-0.0057145	0.0045782	0.0025632
1.516	0.0027527	-5.2564	6.0212	-0.0054937	0.0044162	0.0024168
1.518	0.00072397	-1.686	5.9261	-0.005273	0.0042542	0.0022705
1.52	-0.0010814	1.8955	5.8361	-0.0050803	0.0041631	0.0022323
1.522	-0.0026515	5.4832	5.7461	-0.0048876	0.0040719	0.0021941
1.524	-0.0040081	9.0769	5.6589	-0.0046948	0.0039807	0.0021559
1.526	-0.0052021	12.67	5.5746	-0.0045021	0.0038895	0.0021177
1.528	-0.0063031	16.261	5.4902	-0.0043094	0.0037983	0.0020795
1.53	-0.0073836	19.842	5.4106	-0.0042315	0.0038651	0.0022422
1.532	-0.0085043	23.413	5.3309	-0.0041537	0.0039319	0.0024049
1.534	-0.0097002	26.962	5.2521	-0.0040758	0.0039988	0.0025675
1.536	-0.010974	30.489	5.1741	-0.003998	0.0040656	0.0027302
1.538	-0.012295	33.983	5.0961	-0.0039201	0.0041324	0.0028929
1.54	-0.013608	37.444	5.0148	-0.0038452	0.0041485	0.0030513
1.542	-0.014842	40.858	4.9335	-0.0037703	0.0041646	0.0032098
1.544	-0.015929	44.225	4.8478	-0.0036953	0.0041807	0.0033682
1.546	-0.016815	47.533	4.7577	-0.0036204	0.0041968	0.0035267
1.548	-0.017472	50.782	4.6677	-0.0035455	0.0042129	0.0036851
1.55	-0.017899	53.959	4.5642	-0.0033736	0.0039668	0.003583
1.552	-0.018126	57.065	4.4607	-0.0032017	0.0037207	0.003481
1.554	-0.018201	60.088	4.3496	-0.0030299	0.0034746	0.0033789
1.556	-0.018182	63.028	4.2307	-0.002858	0.0032285	0.0032768
1.558	-0.018125	65.875	4.1118	-0.0026861	0.0029824	0.0031747
1.56	-0.018074	68.63	3.9786	-0.002405	0.0025449	0.0027912
1.562	-0.018054	71.284	3.8455	-0.0021239	0.0021075	0.0024077
1.564	-0.018075	73.839	3.7072	-0.0018428	0.00167	0.0020241
1.566	-0.018129	76.288	3.5638	-0.0015618	0.0012325	0.0016406
1.568	-0.018203	78.631	3.4204	-0.0012807	0.00079504	0.0012571
1.57	-0.01828	80.867	3.2721	-0.00090815	0.00041724	0.00080587
1.572	-0.018353	82.994	3.1239	-0.00053562	3.9431e-05	0.00035464
1.574	-0.01842	85.013	2.9755	-0.00016309	-0.00033838	-9.6582e-05
1.576	-0.01849	86.924	2.827	0.00020943	-0.00071618	-0.00054781
1.578	-0.018574	88.729	2.6785	0.00058196	-0.001094	-0.00099903
1.58	-0.018685	90.429	2.5319	0.00099603	-0.0012903	-0.0012892
1.582	-0.018822	92.027	2.3852	0.0014101	-0.0014866	-0.0015793
1.584	-0.018974	93.525	2.239	0.0018242	-0.001683	-0.0018695
1.586	-0.019116	94.929	2.093	0.0022382	-0.0018793	-0.0021597
1.588	-0.019211	96.238	1.947	0.0026523	-0.0020756	-0.0024498
1.59	-0.019218	97.463	1.7977	0.00297	-0.0021749	-0.0024927
1.592	-0.019098	98.602	1.6484	0.0032876	-0.0022741	-0.0025357
1.594	-0.018829	99.666	1.4949	0.0036053	-0.0023734	-0.0025786
1.596	-0.018405	100.65	1.3374	0.0039229	-0.0024727	-0.0026215
1.598	-0.017848	101.58	1.1798	0.0042406	-0.0025719	-0.0026645
1.6	-0.0172	102.43	1.0104	0.0043085	-0.002668	-0.0025244
1.602	-0.016519	103.24	0.84107	0.0043764	-0.0027641	-0.0023844
1.604	-0.015866	103.99	0.66588	0.0044442	-0.0028602	-0.0022444
1.606	-0.0153	104.69	0.48484	0.0045121	-0.0029564	-0.0021044
1.608	-0.014858	105.36	0.3038	0.00458	-0.0030525	-0.0019644
1.61	-0.014558	105.98	0.11554	0.0044167	-0.0031136	-0.0017963
1.612	-0.014387	106.58	-0.072719	0.0042533	-0.0031747	-0.0016281
1.614	-0.014312	107.14	-0.26049	0.00409	-0.0032359	-0.00146
1.616	-0.014282	107.68	-0.44778	0.0039266	-0.003297	-0.0012919
1.618	-0.014242	108.2	-0.63507	0.0037633	-0.0033581	-0.0011238
1.62	-0.014143	108.7	-0.81148	0.0035843	-0.0033122	-0.0010688
1.622	-0.01395	109.19	-0.98789	0.0034053	-0.0032663	-0.0010139
1.624	-0.013653	109.66	-1.1544	0.0032263	-0.0032204	-0.00095894
1.626	-0.01326	110.12	-1.311	0.0030474	-0.0031745	-0.00090399
1.628	-0.012801	110.57	-1.4676	0.0028684	-0.0031285	-0.00084905
1.63	-0.012316	111	-1.5986	0.0028401	-0.0029684	-0.00091847
1.632	-0.011846	111.43	-1.7297	0.0028118	-0.0028083	-0.00098788
1.634	-0.011427	111.84	-1.8472	0.0027835	-0.0026482	-0.0010573
1.636	-0.011078	112.24	-1.9514	0.0027552	-0.002488	-0.0011267
1.638	-0.010803	112.63	-2.0555	0.0027268	-0.0023279	-0.0011961
1.64	-0.010591	113	-2.1355	0.002747	-0.0020819	-0.0012664
1.642	-0.01042	113.35	-2.2154	0.0027671	-0.0018359	-0.0013367
1.644	-0.010263	113.69	-2.2857	0.0027872	-0.0015899	-0.001407
1.646	-0.010099	114	-2.3465	0.0028074	-0.0013439	-0.0014773
1.648	-0.009916	114.29	-2.4073	0.0028275	-0.0010979	-0.0015476
1.65	-0.0097137	114.55	-2.4543	0.0026549	-0.00080775	-0.0015033
1.652	-0.0095059	114.79	-2.5014	0.0024823	-0.00051762	-0.0014591
1.654	-0.0093142	114.99	-2.5435	0.0023097	-0.0002275	-0.0014149
1.656	-0.0091629	115.16	-2.5808	0.002137	6.2624e-05	-0.0013707
1.658	-0.0090719	115.29	-2.6181	0.0019644	0.00035275	-0.0013265
1.66	-0.0090513	115.39	-2.6474	0.0015638	0.00057407	-0.0012002
1.662	-0.009098	115.44	-2.6768	0.0011631	0.00079538	-0.0010739
1.664	-0.0091957	115.46	-2.7021	0.00076243	0.0010167	-0.00094765
1.666	-0.009319	115.43	-2.7234	0.00036176	0.001238	-0.00082138
1.668	-0.0094389	115.36	-2.7446	-3.8909e-05	0.0014593	-0.00069511
1.67	-0.0095297	115.24	-2.7573	-0.00039317	0.0014776	-0.00063387
1.672	-0.0095755	115.08	-2.7699	-0.00074743	0.0014959	-0.00057263
1.674	-0.0095741	114.87	-2.7782	-0.0011017	0.0015141	-0.00051138
1.676	-0.0095375	114.62	-2.7821	-0.001456	0.0015324	-0.00045014
1.678	-0.0094894	114.34	-2.7861	-0.0018102	0.0015506	-0.0003889
1.68	-0.0094589	114	-2.7829	-0.0018342	0.0013768	-0.00046654
1.682	-0.0094738	113.64	-2.7798	-0.0018582	0.001203	-0.00054419
1.684	-0.0095528	113.23	-2.7744	-0.0018822	0.0010293	-0.00062184
1.686	-0.0097002	112.8	-2.7667	-0.0019061	0.00085546	-0.00069949
1.688	-0.009904	112.33	-2.7591	-0.0019301	0.00068166	-0.00077714
1.69	-0.010137	111.84	-2.75	-0.0016504	0.00047878	-0.00088934
1.692	-0.010364	111.33	-2.7408	-0.0013706	0.0002759	-0.0010015
1.694	-0.010547	110.79	-2.7317	-0.0010909	7.3025e-05	-0.0011137
1.696	-0.010653	110.25	-2.7226	-0.00081117	-0.00012985	-0.001226
1.698	-0.010668	109.69	-2.7135	-0.00053143	-0.00033273	-0.0013382
1.7	-0.010593	109.13	-2.7039	-0.00022638	-0.00043903	-0.0013506
1.702	-0.010451	108.57	-2.6943	7.8669e-05	-0.00054533	-0.0013631
1.704	-0.010282	108.02	-2.683	0.00038372	-0.00065162	-0.0013756
1.706	-0.010132	107.47	-2.6699	0.00068877	-0.00075792	-0.001388
1.708	-0.01005	106.94	-2.6567	0.00099381	-0.00086421	-0.0014005
1.71	-0.010075	106.42	-2.6356	0.0010925	-0.00088274	-0.0013405
1.712	-0.010225	105.93	-2.6144	0.0011912	-0.00090128	-0.0012806
1.714	-0.010498	105.46	-2.5871	0.0012898	-0.00091981	-0.0012206
1.716	-0.010867	105.01	-2.5535	0.0013885	-0.00093834	-0.0011607
1.718	-0.011289	104.6	-2.5199	0.0014872	-0.00095687	-0.0011007
1.72	-0.011706	104.23	-2.4714	0.0013593	-0.00094177	-0.0010763
1.722	-0.01206	103.89	-2.4228	0.0012315	-0.00092667	-0.0010519
1.724	-0.012304	103.59	-2.3668	0.0011036	-0.00091156	-0.0010275
1.726	-0.012407	103.33	-2.3034	0.0009757	-0.00089646	-0.001003
1.728	-0.01236	103.1	-2.2399	0.00084782	-0.00088136	-0.00097862
1.73	-0.012179	102.92	-2.1646	0.00065248	-0.00085987	-0.00095819
1.732	-0.011901	102.79	-2.0892	0.00045714	-0.00083839	-0.00093776
1.734	-0.011576	102.69	-2.0102	0.0002618	-0.0008169	-0.00091733
1.736	-0.011257	102.63	-1.9276	6.6458e-05	-0.00079541	-0.0008969
1.738	-0.010996	102.61	-1.8449	-0.00012888	-0.00077392	-0.00087647
1.74	-0.010828	102.63	-1.7597	-0.00016994	-0.00077897	-0.00073169
1.742	-0.010774	102.69	-1.6744	-0.00021101	-0.00078402	-0.00058692
1.744	-0.010831	102.78	-1.5897	-0.00025207	-0.00078906	-0.00044214
1.746	-0.010981	102.89	-1.5055	-0.00029313	-0.00079411	-0.00029736
1.748	-0.01119	103.04	-1.4213	-0.00033419	-0.00079916	-0.00015259
1.75	-0.01142	103.21	-1.34	-0.00012506	-0.00087543	7.6025e-05
1.752	-0.011632	103.41	-1.2586	8.4075e-05	-0.0009517	0.00030464
1.754	-0.011794	103.62	-1.179	0.00029321	-0.001028	0.00053325
1.756	-0.011887	103.85	-1.101	0.00050234	-0.0011042	0.00076186
1.758	-0.011905	104.09	-1.023	0.00071147	-0.0011805	0.00099047
1.76	-0.011859	104.34	-0.94871	0.0010019	-0.0013185	0.0010673
1.762	-0.011765	104.59	-0.87437	0.0012923	-0.0014566	0.0011441
1.764	-0.011652	104.85	-0.80243	0.0015827	-0.0015946	0.0012209
1.766	-0.011545	105.11	-0.7329	0.0018731	-0.0017326	0.0012977
1.768	-0.011469	105.37	-0.66337	0.0021636	-0.0018706	0.0013745
1.77	-0.011441	105.62	-0.6014	0.0022544	-0.0019837	0.001182
1.772	-0.011472	105.86	-0.53943	0.0023452	-0.0020968	0.00098944
1.774	-0.011559	106.1	-0.48323	0.002436	-0.0022099	0.00079692
1.776	-0.011694	106.33	-0.4328	0.0025268	-0.0023231	0.00060439
1.778	-0.011864	106.55	-0.38237	0.0026176	-0.0024362	0.00041187
1.78	-0.01205	106.75	-0.34749	0.0024539	-0.0024253	0.00013594
1.782	-0.012235	106.95	-0.31261	0.0022902	-0.0024145	-0.00013999
1.784	-0.012404	107.13	-0.28672	0.0021265	-0.0024037	-0.00041592
1.786	-0.012545	107.31	-0.26982	0.0019628	-0.0023929	-0.00069185
1.788	-0.012655	107.47	-0.25292	0.001799	-0.0023821	-0.00096778
1.79	-0.012731	107.62	-0.25363	0.0016215	-0.0022229	-0.0010671
1.792	-0.012781	107.77	-0.25435	0.001444	-0.0020637	-0.0011665
1.794	-0.012811	107.91	-0.26213	0.0012665	-0.0019045	-0.0012659
1.796	-0.012834	108.05	-0.277	0.001089	-0.0017454	-0.0013652
1.798	-0.012858	108.18	-0.29186	0.00091143	-0.0015862	-0.0014646
1.8	-0.012896	108.32	-0.31523	0.00093478	-0.0013808	-0.0013497
1.802	-0.012953	108.45	-0.3386	0.00095812	-0.0011754	-0.0012348
1.804	-0.013034	108.6	-0.3632	0.00098147	-0.00097003	-0.00112
1.806	-0.01314	108.75	-0.38903	0.0010048	-0.00076465	-0.0010051
1.808	-0.013268	108.91	-0.41486	0.0010282	-0.00055926	-0.00089021
1.81	-0.013414	109.08	-0.43869	0.0011567	-0.00047043	-0.00070609
1.812	-0.013572	109.27	-0.46253	0.0012852	-0.0003816	-0.00052197
1.814	-0.013736	109.47	-0.48462	0.0014137	-0.00029276	-0.00033785
1.816	-0.013901	109.69	-0.50497	0.0015422	-0.00020393	-0.00015373
1.818	-0.014061	109.94	-0.52533	0.0016707	-0.0001151	3.0394e-05
1.82	-0.014214	110.2	-0.54394	0.0016267	-0.00016264	0.00017426
1.822	-0.014357	110.49	-0.56256	0.0015827	-0.00021018	0.00031813
1.824	-0.01449	110.8	-0.5823	0.0015387	-0.00025773	0.00046201
1.826	-0.014611	111.14	-0.60315	0.0014948	-0.00030527	0.00060588
1.828	-0.01472	111.5	-0.624	0.0014508	-0.00035281	0.00074975
1.83	-0.014818	111.88	-0.65149	0.0011543	-0.00034108	0.00081978
1.832	-0.014903	112.29	-0.67898	0.00085777	-0.00032936	0.0008898
1.834	-0.014977	112.72	-0.71128	0.00056125	-0.00031763	0.00095983
1.836	-0.015044	113.18	-0.74838	0.00026473	-0.00030591	0.0010299
1.838	-0.015108	113.65	-0.78548	-3.1793e-05	-0.00029418	0.0010999
1.84	-0.015174	114.14	-0.83258	-0.00031919	-8.9116e-05	0.0010582
1.842	-0.015251	114.64	-0.87968	-0.00060659	0.00011595	0.0010165
1.844	-0.015343	115.15	-0.93065	-0.00089399	0.00032101	0.00097487
1.846	-0.015456	115.67	-0.98549	-0.0011814	0.00052608	0.0009332
1.848	-0.015589	116.2	-1.0403	-0.0014688	0.00073114	0.00089153
1.85	-0.015738	116.73	-1.0991	-0.0014634	0.00095532	0.00074065
1.852	-0.015894	117.25	-1.1578	-0.0014581	0.0011795	0.00058977
1.854	-0.016045	117.77	-1.2166	-0.0014528	0.0014037	0.0004389
1.856	-0.016178	118.27	-1.2755	-0.0014474	0.0016279	0.00028802
1.858	-0.016281	118.76	-1.3343	-0.0014421	0.001852	0.00013714
1.86	-0.016347	119.23	-1.391	-0.0012422	0.0018732	7.2972e-06
1.862	-0.016377	119.68	-1.4477	-0.0010422	0.0018944	-0.00012255
1.864	-0.01638	120.1	-1.5033	-0.0008423	0.0019157	-0.00025239
1.866	-0.016372	120.48	-1.5578	-0.00064237	0.0019369	-0.00038224
1.868	-0.016371	120.83	-1.6124	-0.00044244	0.0019581	-0.00051208
1.87	-0.016399	121.14	-1.667	-0.00043784	0.0019081	-0.00046659
1.872	-0.016467	121.4	-1.7215	-0.00043325	0.0018582	-0.0004211
1.874	-0.016581	121.62	-1.7776	-0.00042865	0.0018082	-0.00037561
1.876	-0.016731	121.79	-1.8353	-0.00042406	0.0017583	-0.00033011
1.878	-0.016897	121.9	-1.893	-0.00041946	0.0017083	-0.00028462
1.88	-0.017048	121.97	-1.9565	-0.00076993	0.0018897	-9.8684e-05
1.882	-0.017152	121.97	-2.02	-0.0011204	0.0020712	8.7254e-05
1.884	-0.01718	121.92	-2.087	-0.0014709	0.0022526	0.00027319
1.886	-0.017115	121.81	-2.1575	-0.0018213	0.002434	0.00045913
1.888	-0.016957	121.64	-2.2281	-0.0021718	0.0026155	0.00064507
1.89	-0.016727	121.41	-2.305	-0.002556	0.0029438	0.0007474
1.892	-0.016461	121.12	-2.382	-0.0029403	0.0032722	0.00084974
1.894	-0.016211	120.78	-2.4611	-0.0033245	0.0036005	0.00095208
1.896	-0.016027	120.38	-2.5424	-0.0037087	0.0039289	0.0010544
1.898	-0.015953	119.92	-2.6237	-0.004093	0.0042572	0.0011567
1.9	-0.016014	119.41	-2.7067	-0.0040771	0.0042412	0.00104
1.902	-0.016209	118.85	-2.7897	-0.0040611	0.0042251	0.00092316
1.904	-0.016514	118.24	-2.8726	-0.0040452	0.004209	0.00080637
1.906	-0.016878	117.58	-2.9554	-0.0040293	0.004193	0.00068958
1.908	-0.017239	116.88	-3.0381	-0.0040134	0.0041769	0.00057279
1.91	-0.017534	116.14	-3.1197	-0.0035549	0.003569	0.00038408
1.912	-0.017711	115.37	-3.2013	-0.0030965	0.0029612	0.00019537
1.914	-0.017745	114.56	-3.2825	-0.0026381	0.0023533	6.6685e-06
1.916	-0.017636	113.72	-3.3632	-0.0021796	0.0017454	-0.00018204
1.918	-0.017418	112.86	-3.4439	-0.0017212	0.0011375	-0.00037074
1.92	-0.017146	111.97	-3.5246	-0.0012181	0.00036572	-0.00037698
1.922	-0.016887	111.06	-3.6054	-0.00071504	-0.00040609	-0.00038322
1.924	-0.016706	110.13	-3.6865	-0.00021196	-0.0011779	-0.00038946
1.926	-0.016649	109.2	-3.7682	0.00029111	-0.0019497	-0.0003957
1.928	-0.016734	108.25	-3.8498	0.00079419	-0.0027215	-0.00040194
1.93	-0.01695	107.29	-3.9326	0.00090027	-0.0029563	-0.00017448
1.932	-0.017251	106.33	-4.0154	0.0010064	-0.003191	5.2974e-05
1.934	-0.017574	105.37	-4.0986	0.0011124	-0.0034258	0.00028043
1.936	-0.017849	104.4	-4.182	0.0012185	-0.0036605	0.00050789
1.938	-0.018015	103.43	-4.2655	0.0013246	-0.0038953	0.00073534
1.94	-0.01803	102.47	-4.3488	0.00095448	-0.0033903	0.0009997
1.942	-0.017887	101.51	-4.432	0.00058436	-0.0028854	0.0012641
1.944	-0.017607	100.55	-4.5147	0.00021424	-0.0023804	0.0015284
1.946	-0.017239	99.598	-4.5969	-0.00015588	-0.0018755	0.0017928
1.948	-0.016846	98.649	-4.6791	-0.00052599	-0.0013705	0.0020571
1.95	-0.016491	97.702	-4.76	-0.0010344	-0.00064822	0.0021354
1.952	-0.016224	96.759	-4.8409	-0.0015427	7.4094e-05	0.0022137
1.954	-0.016071	95.818	-4.9212	-0.0020511	0.00079641	0.0022919
1.956	-0.01603	94.879	-5.0011	-0.0025595	0.0015187	0.0023702
1.958	-0.016074	93.939	-5.0809	-0.0030678	0.002241	0.0024484
1.96	-0.016156	92.999	-5.1602	-0.0032831	0.0025114	0.0022928
1.962	-0.016224	92.054	-5.2395	-0.0034984	0.0027818	0.0021373
1.964	-0.016234	91.106	-5.3188	-0.0037137	0.0030522	0.0019817
1.966	-0.016155	90.15	-5.3979	-0.003929	0.0033226	0.0018261
1.968	-0.015978	89.187	-5.477	-0.0041443	0.003593	0.0016705
1.97	-0.015715	88.213	-5.5556	-0.003926	0.0032823	0.0014275
1.972	-0.01539	87.227	-5.6342	-0.0037077	0.0029716	0.0011844
1.974	-0.015031	86.227	-5.712	-0.0034894	0.0026608	0.00094139
1.976	-0.014662	85.211	-5.789	-0.0032712	0.0023501	0.00069836
1.978	-0.014295	84.177	-5.866	-0.0030529	0.0020394	0.00045532
1.98	-0.013925	83.125	-5.9401	-0.0026268	0.0015745	0.00032446
1.982	-0.013539	82.051	-6.0141	-0.0022008	0.0011096	0.0001936
1.984	-0.013115	80.956	-6.0862	-0.0017747	0.00064474	6.2734e-05
1.986	-0.012637	79.838	-6.1564	-0.0013487	0.00017987	-6.8129e-05
1.988	-0.012099	78.697	-6.2266	-0.00092265	-0.000285	-0.00019899
1.99	-0.011514	77.53	-6.2929	-0.00062106	-0.0004748	-0.00015033
1.992	-0.010909	76.34	-6.3593	-0.00031947	-0.0006646	-0.00010167
1.994	-0.010321	75.124	-6.4244	-1.7881e-05	-0.00085441	-5.3009e-05
1.996	-0.0097836	73.883	-6.4883	0.00028371	-0.0010442	-4.3485e-06
1.998	-0.0093173	72.618	-6.5522	0.0005853	-0.001234	4.4312e-05
2	-0.0089186	71.328	-6.6159	0.00062077	-0.0011089	0.00015187
2.002	-0.0085559	70.016	-6.6797	0.00065625	-0.00098386	0.00025942
2.004	-0.0081736	68.681	-6.7446	0.00069173	-0.00085879	0.00036698
2.006	-0.0077024	67.325	-6.8106	0.00072721	-0.00073372	0.00047454
2.008	-0.0070766	65.949	-6.8767	0.00076268	-0.00060864	0.00058209
2.01	-0.0062514	64.556	-6.9466	0.00064846	-0.00039143	0.00058391
2.012	-0.0052181	63.144	-7.0166	0.00053425	-0.00017422	0.00058573
2.014	-0.00401	61.719	-7.0885	0.00042003	4.2987e-05	0.00058755
2.016	-0.0026979	60.28	-7.1625	0.00030581	0.0002602	0.00058938
2.018	-0.0013756	58.83	-7.2364	0.00019159	0.00047741	0.0005912
2.02	-0.00013619	57.371	-7.3126	0.00012324	0.00061881	0.00045598
2.022	0.00095332	55.904	-7.3888	5.4887e-05	0.00076022	0.00032077
2.024	0.0018747	54.432	-7.4647	-1.3464e-05	0.00090163	0.00018556
2.026	0.0026703	52.956	-7.5403	-8.1816e-05	0.001043	5.0342e-05
2.028	0.0034402	51.478	-7.616	-0.00015017	0.0011844	-8.4871e-05
2.03	0.0043234	50	-7.688	-0.00010757	0.0012346	-0.00024146
2.032	0.0054673	48.523	-7.7601	-6.4981e-05	0.0012847	-0.00039804
2.034	0.0069898	47.049	-7.8292	-2.2387e-05	0.0013348	-0.00055463
2.036	0.0089434	45.579	-7.8956	2.0206e-05	0.0013849	-0.00071121
2.038	0.011291	44.114	-7.9619	6.2799e-05	0.0014351	-0.0008678
2.04	0.0139	42.655	-8.0221	0.00013993	0.0014136	-0.00090927
2.042	0.016559	41.203	-8.0823	0.00021706	0.0013921	-0.00095074
2.044	0.019013	39.759	-8.14	0.0002942	0.0013707	-0.00099221
2.046	0.021016	38.322	-8.1953	0.00037133	0.0013492	-0.0010337
2.048	0.02238	36.893	-8.2506	0.00044846	0.0013277	-0.0010751
2.05	0.023024	35.471	-8.3034	0.00049104	0.0012121	-0.0009519
2.052	0.022998	34.058	-8.3561	0.00053362	0.0010965	-0.00082866
2.054	0.02248	32.651	-8.409	0.00057619	0.0009809	-0.00070542
2.056	0.021747	31.252	-8.4619	0.00061877	0.0008653	-0.00058217
2.058	0.021121	29.858	-8.5148	0.00066135	0.00074969	-0.00045893
2.06	0.020902	28.47	-8.5698	0.0006897	0.00054305	-0.00023354
2.062	0.021304	27.085	-8.6248	0.00071805	0.00033641	-8.1592e-06
2.064	0.022404	25.704	-8.6811	0.0007464	0.00012977	0.00021723
2.066	0.024123	24.325	-8.7387	0.00077475	-7.6865e-05	0.00044261
2.068	0.026232	22.947	-8.7963	0.0008031	-0.0002835	0.000668
2.07	0.0284	21.568	-8.8559	0.00087387	-0.00047579	0.00084602
2.072	0.030261	20.189	-8.9156	0.00094463	-0.00066808	0.001024
2.074	0.031489	18.806	-8.9753	0.0010154	-0.00086037	0.0012021
2.076	0.031867	17.42	-9.0353	0.0010862	-0.0010527	0.0013801
2.078	0.031335	16.029	-9.0953	0.0011569	-0.0012449	0.0015581
2.08	0.03	14.632	-9.1538	0.0012856	-0.0012875	0.0015394
2.082	0.028115	13.227	-9.2124	0.0014142	-0.0013301	0.0015207
2.084	0.026019	11.815	-9.2694	0.0015428	-0.0013727	0.0015019
2.086	0.024059	10.395	-9.3249	0.0016715	-0.0014153	0.0014832
2.088	0.022515	8.9649	-9.3804	0.0018001	-0.0014579	0.0014645
2.09	0.021532	7.5252	-9.4321	0.0019362	-0.0013528	0.0012446
2.092	0.02109	6.0755	-9.4837	0.0020723	-0.0012476	0.0010248
2.094	0.021005	4.6153	-9.5332	0.0022084	-0.0011424	0.000805
2.096	0.020971	3.1447	-9.5806	0.0023445	-0.0010372	0.00058518
2.098	0.020635	1.6635	-9.628	0.0024806	-0.00093206	0.00036536
2.1	0.019678	0.17176	-9.6712	0.0025461	-0.00084496	0.00012803
2.102	0.01789	-1.33	-9.7144	0.0026116	-0.00075786	-0.00010929
2.104	0.015225	-2.8418	-9.7557	0.0026771	-0.00067076	-0.00034662
2.106	0.011817	-4.3629	-9.795	0.0027425	-0.00058366	-0.00058395
2.108	0.0079566	-5.8932	-9.8343	0.002808	-0.00049656	-0.00082128
2.11	0.0040317	-7.4315	-9.8702	0.0027689	-0.00055555	-0.00088974
2.112	0.00044661	-8.978	-9.9061	0.0027298	-0.00061453	-0.00095821
2.114	-0.0024608	-10.531	-9.9407	0.0026906	-0.00067351	-0.0010267
2.116	-0.0044866	-12.091	-9.974	0.0026515	-0.00073249	-0.0010951
2.118	-0.0055976	-13.657	-10.007	0.0026124	-0.00079148	-0.0011636
2.12	-0.0059296	-15.228	-10.039	0.0025052	-0.00090673	-0.001091
2.122	-0.0057476	-16.804	-10.071	0.002398	-0.001022	-0.0010185
2.124	-0.0053782	-18.384	-10.102	0.0022909	-0.0011372	-0.00094587
2.126	-0.0051322	-19.968	-10.134	0.0021837	-0.0012525	-0.00087329
2.128	-0.0052346	-21.555	-10.166	0.0020765	-0.0013677	-0.00080071
2.13	-0.0057787	-23.145	-10.198	0.0019552	-0.0013374	-0.00077399
2.132	-0.0067148	-24.737	-10.231	0.0018339	-0.0013072	-0.00074727
2.134	-0.0078757	-26.333	-10.265	0.0017126	-0.0012769	-0.00072054
2.136	-0.0090303	-27.931	-10.299	0.0015913	-0.0012466	-0.00069382
2.138	-0.0099512	-29.533	-10.334	0.00147	-0.0012163	-0.0006671
2.14	-0.010478	-31.137	-10.37	0.0013553	-0.00099327	-0.00076959
2.142	-0.010559	-32.745	-10.406	0.0012407	-0.00077023	-0.00087207
2.144	-0.010265	-34.357	-10.443	0.001126	-0.00054719	-0.00097456
2.146	-0.0097605	-35.973	-10.479	0.0010114	-0.00032415	-0.001077
2.148	-0.0092559	-37.595	-10.516	0.00089671	-0.00010111	-0.0011795
2.15	-0.0089395	-39.222	-10.55	0.00079764	0.0001372	-0.0012936
2.152	-0.0089174	-40.855	-10.585	0.00069858	0.00037551	-0.0014077
2.154	-0.0091755	-42.496	-10.618	0.00059951	0.00061383	-0.0015218
2.156	-0.0095768	-44.144	-10.649	0.00050045	0.00085214	-0.0016358
2.158	-0.0098953	-45.801	-10.68	0.00040138	0.0010905	-0.0017499
2.16	-0.0098812	-47.467	-10.707	0.0003505	0.0011569	-0.0017517
2.162	-0.0093403	-49.143	-10.734	0.00029961	0.0012233	-0.0017534
2.164	-0.0082054	-50.829	-10.76	0.00024872	0.0012897	-0.0017551
2.166	-0.0065788	-52.526	-10.783	0.00019784	0.0013561	-0.0017569
2.168	-0.0047292	-54.234	-10.807	0.00014695	0.0014225	-0.0017586
2.17	-0.0030405	-55.953	-10.831	0.00017655	0.0013253	-0.0017005
2.172	-0.0019178	-57.683	-10.854	0.00020616	0.0012281	-0.0016424
2.174	-0.0016708	-59.424	-10.879	0.00023576	0.0011308	-0.0015843
2.176	-0.0024029	-61.176	-10.905	0.00026536	0.0010336	-0.0015262
2.178	-0.0039359	-62.937	-10.932	0.00029496	0.00093637	-0.0014681
2.18	-0.0057944	-64.708	-10.964	0.00038917	0.00081825	-0.001477
2.182	-0.0072622	-66.487	-10.996	0.00048338	0.00070012	-0.0014858
2.184	-0.0075068	-68.274	-11.031	0.00057759	0.000582	-0.0014947
2.186	-0.0057544	-70.065	-11.069	0.0006718	0.00046387	-0.0015036
2.188	-0.0014804	-71.862	-11.107	0.00076601	0.00034574	-0.0015124
2.19	0.0054254	-73.659	-11.15	0.00087078	0.00027776	-0.0015664
2.192	0.014558	-75.458	-11.192	0.00097555	0.00020977	-0.0016204
2.194	0.024986	-77.254	-11.235	0.0010803	0.00014179	-0.0016744
2.196	0.035352	-79.047	-11.277	0.0011851	7.3801e-05	-0.0017284
2.198	0.044057	-80.831	-11.32	0.0012899	5.8154e-06	-0.0017824
2.2	0.049523	-82.609	-11.357	0.0013697	-7.3263e-05	-0.0017274
2.202	0.050462	-84.373	-11.393	0.0014495	-0.00015234	-0.0016725
2.204	0.046126	-86.124	-11.425	0.0015293	-0.00023142	-0.0016175
2.206	0.036471	-87.857	-11.452	0.0016091	-0.0003105	-0.0015626
2.208	0.022202	-89.573	-11.479	0.0016889	-0.00038958	-0.0015076
2.21	0.0047011	-91.265	-11.493	0.0017207	-0.00053287	-0.0013033
2.212	-0.014173	-92.934	-11.508	0.0017525	-0.00067616	-0.0010989
2.214	-0.032363	-94.576	-11.516	0.0017843	-0.00081946	-0.00089456
2.216	-0.047934	-96.19	-11.52	0.0018161	-0.00096275	-0.00069021
2.218	-0.059363	-97.774	-11.523	0.0018479	-0.001106	-0.00048586
2.22	-0.065763	-99.326	-11.52	0.0017542	-0.0012403	-0.00028338
2.222	-0.066988	-100.84	-11.516	0.0016604	-0.0013746	-8.0899e-05
2.224	-0.063616	-102.33	-11.511	0.0015666	-0.0015088	0.00012158
2.226	-0.056806	-103.78	-11.505	0.0014728	-0.0016431	0.00032406
2.228	-0.048066	-105.2	-11.5	0.001379	-0.0017774	0.00052654
2.23	-0.038981	-106.58	-11.497	0.0010859	-0.0017802	0.00059782
2.232	-0.030941	-107.92	-11.493	0.00079279	-0.0017831	0.00066909
2.234	-0.024935	-109.23	-11.492	0.00049967	-0.001786	0.00074037
2.236	-0.021432	-110.51	-11.494	0.00020654	-0.0017888	0.00081165
2.238	-0.020367	-111.76	-11.495	-8.6583e-05	-0.0017917	0.00088293
2.24	-0.021229	-112.98	-11.501	-0.00044957	-0.0016601	0.00084598
2.242	-0.023227	-114.17	-11.506	-0.00081257	-0.0015284	0.00080903
2.244	-0.025483	-115.33	-11.512	-0.0011756	-0.0013967	0.00077208
2.246	-0.027226	-116.48	-11.519	-0.0015386	-0.0012651	0.00073513
2.248	-0.027941	-117.6	-11.525	-0.0019015	-0.0011334	0.00069818
2.25	-0.02744	-118.71	-11.531	-0.0020028	-0.0010184	0.00060052
2.252	-0.025865	-119.81	-11.536	-0.0021041	-0.00090329	0.00050286
2.254	-0.023611	-120.9	-11.539	-0.0022054	-0.00078823	0.00040521
2.256	-0.021213	-121.98	-11.542	-0.0023067	-0.00067317	0.00030755
2.258	-0.019198	-123.06	-11.544	-0.0024079	-0.00055811	0.00020989
2.26	-0.017972	-124.15	-11.544	-0.0020859	-0.00060114	6.4152e-05
2.262	-0.01773	-125.24	-11.545	-0.0017638	-0.00064417	-8.1585e-05
2.264	-0.018435	-126.34	-11.547	-0.0014417	-0.0006872	-0.00022732
2.266	-0.019842	-127.46	-11.55	-0.0011196	-0.00073023	-0.00037306
2.268	-0.021572	-128.6	-11.553	-0.00079751	-0.00077326	-0.0005188
2.27	-0.023209	-129.75	-11.564	-0.00035607	-0.00090852	-0.00061556
2.272	-0.024398	-130.94	-11.575	8.5371e-05	-0.0010438	-0.00071233
2.274	-0.02492	-132.14	-11.591	0.00052681	-0.001179	-0.00080909
2.276	-0.024723	-133.38	-11.614	0.00096825	-0.0013143	-0.00090585
2.278	-0.023925	-134.65	-11.637	0.0014097	-0.0014495	-0.0010026
2.28	-0.022763	-135.95	-11.674	0.0014802	-0.0014264	-0.00091837
2.282	-0.021528	-137.29	-11.712	0.0015507	-0.0014033	-0.00083412
2.284	-0.020491	-138.67	-11.755	0.0016213	-0.0013802	-0.00074987
2.286	-0.019841	-140.08	-11.805	0.0016918	-0.0013571	-0.00066562
2.288	-0.019647	-141.52	-11.855	0.0017623	-0.001334	-0.00058138
2.29	-0.019856	-143	-11.914	0.0013648	-0.0010138	-0.00039563
2.292	-0.020314	-144.52	-11.973	0.00096727	-0.00069374	-0.00020989
2.294	-0.020822	-146.07	-12.034	0.00056973	-0.00037363	-2.4142e-05
2.296	-0.021184	-147.65	-12.097	0.0001722	-5.3528e-05	0.0001616
2.298	-0.021261	-149.27	-12.16	-0.00022534	0.00026658	0.00034735
2.3	-0.021003	-150.91	-12.224	-0.00066354	0.00066447	0.00037203
2.302	-0.020454	-152.57	-12.288	-0.0011017	0.0010624	0.00039671
2.304	-0.019739	-154.26	-12.353	-0.0015399	0.0014603	0.0004214
2.306	-0.019019	-155.97	-12.418	-0.0019781	0.0018582	0.00044608
2.308	-0.018455	-157.69	-12.483	-0.0024163	0.0022561	0.00047077
2.31	-0.018161	-159.42	-12.552	-0.0024321	0.0023171	0.0002817
2.312	-0.018179	-161.17	-12.622	-0.0024479	0.0023782	9.2625e-05
2.314	-0.018467	-162.92	-12.697	-0.0024637	0.0024393	-9.6446e-05
2.316	-0.018915	-164.67	-12.777	-0.0024795	0.0025004	-0.00028552
2.318	-0.019376	-166.42	-12.857	-0.0024952	0.0025615	-0.00047459
2.32	-0.019698	-168.16	-12.954	-0.0020984	0.0021104	-0.00054681
2.322	-0.019767	-169.89	-13.051	-0.0017016	0.0016593	-0.00061904
2.324	-0.019531	-171.62	-13.157	-0.0013048	0.0012083	-0.00069126
2.326	-0.019009	-173.33	-13.274	-0.00090803	0.00075722	-0.00076348
2.328	-0.018288	-175.02	-13.391	-0.00051123	0.00030615	-0.00083571
2.33	-0.017491	-176.69	-13.527	-0.00015808	-0.00037671	-0.00047607
2.332	-0.016755	-178.34	-13.662	0.00019507	-0.0010596	-0.00011643
2.334	-0.016189	-179.98	-13.804	0.00054821	-0.0017424	0.00024321
2.336	-0.015856	-181.58	-13.951	0.00090136	-0.0024253	0.00060285
2.338	-0.015754	-183.17	-14.098	0.0012545	-0.0031082	0.0009625
2.34	-0.015823	-184.73	-14.245	0.0011585	-0.003521	0.0015628
2.342	-0.015961	-186.26	-14.392	0.0010626	-0.0039339	0.002163
2.344	-0.01605	-187.78	-14.531	0.00096661	-0.0043468	0.0027633
2.346	-0.015985	-189.27	-14.663	0.00087064	-0.0047597	0.0033635
2.348	-0.015698	-190.74	-14.795	0.00077467	-0.0051725	0.0039638
2.35	-0.01517	-192.19	-14.896	0.00032938	-0.00504	0.0042084
2.352	-0.014437	-193.62	-14.997	-0.00011591	-0.0049074	0.004453
2.354	-0.013572	-195.04	-15.077	-0.0005612	-0.0047749	0.0046976
2.356	-0.012671	-196.44	-15.134	-0.0010065	-0.0046423	0.0049423
2.358	-0.011827	-197.83	-15.192	-0.0014518	-0.0045098	0.0051869
2.36	-0.011106	-199.22	-15.196	-0.0017392	-0.004011	0.0047329
2.362	-0.010539	-200.6	-15.2	-0.0020265	-0.0035122	0.0042789
2.364	-0.01011	-201.97	-15.174	-0.0023139	-0.0030134	0.0038249
2.366	-0.0097672	-203.35	-15.118	-0.0026013	-0.0025146	0.0033709
2.368	-0.0094355	-204.72	-15.062	-0.0028887	-0.0020158	0.0029169
2.37	-0.009035	-206.1	-14.944	-0.002731	-0.0015654	0.002121
2.372	-0.008499	-207.48	-14.826	-0.0025734	-0.001115	0.0013252
2.374	-0.0077878	-208.87	-14.677	-0.0024158	-0.00066457	0.00052929
2.376	-0.0068947	-210.26	-14.497	-0.0022581	-0.00021416	-0.00026658
2.378	-0.0058445	-211.66	-14.317	-0.0021005	0.00023624	-0.0010625
2.38	-0.0046851	-213.06	-14.078	-0.0018394	0.00040309	-0.0014938
2.382	-0.0034747	-214.47	-13.838	-0.0015783	0.00056993	-0.0019251
2.384	-0.002268	-215.89	-13.571	-0.0013172	0.00073678	-0.0023564
2.386	-0.0011053	-217.3	-13.277	-0.001056	0.00090362	-0.0027878
2.388	-6.1437e-06	-218.72	-12.982	-0.00079491	0.0010705	-0.0032191
2.39	0.0010319	-220.13	-12.637	-0.00097137	0.0010522	-0.002992
2.392	0.002029	-221.53	-12.292	-0.0011478	0.0010338	-0.0027649
2.394	0.0030159	-222.92	-11.925	-0.0013243	0.0010155	-0.0025379
2.396	0.0040254	-224.3	-11.536	-0.0015008	0.00099721	-0.0023108
2.398	0.0050853	-225.65	-11.147	-0.0016772	0.0009789	-0.0020837
2.4	0.0062135	-226.97	-10.72	-0.0022977	0.0010154	-0.0015643
2.402	0.007417	-228.26	-10.292	-0.0029182	0.0010519	-0.001045
2.404	0.0086928	-229.5	-9.8491	-0.0035386	0.0010884	-0.00052561
2.406	0.010032	-230.69	-9.3898	-0.0041591	0.0011249	-6.2426e-06
2.408	0.011422	-231.82	-8.9305	-0.0047796	0.0011615	0.00051312
2.41	0.012852	-232.88	-8.4452	-0.0052972	0.0013658	0.00081123
2.412	0.014313	-233.87	-7.9599	-0.0058148	0.0015701	0.0011093
2.414	0.015796	-234.76	-7.4646	-0.0063324	0.0017745	0.0014074
2.416	0.017296	-235.57	-6.9593	-0.00685	0.0019788	0.0017056
2.418	0.018806	-236.26	-6.454	-0.0073676	0.0021831	0.0020037
2.42	0.02032	-236.85	-5.935	-0.007336	0.0024172	0.0019489
2.422	0.021831	-237.32	-5.416	-0.0073045	0.0026514	0.0018941
2.424	0.023334	-237.65	-4.8938	-0.007273	0.0028855	0.0018393
2.426	0.02483	-237.84	-4.3683	-0.0072414	0.0031196	0.0017845
2.428	0.026324	-237.89	-3.8429	-0.0072099	0.0033537	0.0017297
2.43	0.027829	-237.79	-3.3195	-0.0066418	0.0033524	0.0015008
2.432	0.029363	-237.52	-2.7961	-0.0060737	0.0033511	0.001272
2.434	0.030946	-237.09	-2.2785	-0.0055057	0.0033498	0.0010432
2.436	0.032594	-236.49	-1.7666	-0.0049376	0.0033485	0.00081442
2.438	0.034316	-235.7	-1.2548	-0.0043695	0.0033472	0.00058561
2.44	0.036111	-234.74	-0.76417	-0.00348	0.003024	0.00031555
2.442	0.037963	-233.59	-0.27353	-0.0025904	0.0027009	4.5484e-05
2.444	0.039846	-232.26	0.20238	-0.0017009	0.0023777	-0.00022458
2.446	0.041727	-230.74	0.66357	-0.00081133	0.0020545	-0.00049464
2.448	0.043576	-229.03	1.1248	7.8216e-05	0.0017314	-0.00076471
2.45	0.045369	-227.13	1.551	0.0010854	0.0013089	-0.0010535
2.452	0.047096	-225.04	1.9773	0.0020925	0.00088643	-0.0013423
2.454	0.048766	-222.78	2.3853	0.0030996	0.00046397	-0.0016311
2.456	0.050399	-220.32	2.7749	0.0041068	4.1513e-05	-0.0019199
2.458	0.05203	-217.7	3.1645	0.0051139	-0.00038095	-0.0022087
2.46	0.053693	-214.89	3.5192	0.0058957	-0.00063496	-0.0024216
2.462	0.055412	-211.92	3.8739	0.0066775	-0.00088896	-0.0026345
2.464	0.057198	-208.79	4.2131	0.0074594	-0.001143	-0.0028474
2.466	0.059038	-205.51	4.5367	0.0082412	-0.001397	-0.0030602
2.468	0.060897	-202.07	4.8603	0.009023	-0.001651	-0.0032731
2.47	0.062722	-198.5	5.1568	0.009133	-0.0017289	-0.0032365
2.472	0.064451	-194.79	5.4532	0.0092431	-0.0018069	-0.0032
2.474	0.066026	-190.97	5.7371	0.0093531	-0.0018848	-0.0031634
2.476	0.067401	-187.02	6.0082	0.0094632	-0.0019627	-0.0031269
2.478	0.068555	-182.98	6.2794	0.0095732	-0.0020407	-0.0030903
2.48	0.06949	-178.83	6.5238	0.0089438	-0.002126	-0.0027784
2.482	0.070236	-174.61	6.7681	0.0083144	-0.0022114	-0.0024666
2.484	0.070839	-170.3	6.9968	0.007685	-0.0022968	-0.0021547
2.486	0.071354	-165.93	7.2098	0.0070557	-0.0023822	-0.0018428
2.488	0.071834	-161.49	7.4227	0.0064263	-0.0024676	-0.001531
2.49	0.072317	-157.02	7.5979	0.0056051	-0.0026389	-0.0011775
2.492	0.072821	-152.49	7.7731	0.004784	-0.0028102	-0.00082401
2.494	0.073342	-147.94	7.9266	0.0039628	-0.0029815	-0.00047054
2.496	0.073858	-143.36	8.0583	0.0031417	-0.0031528	-0.00011707
2.498	0.074334	-138.77	8.1901	0.0023205	-0.0033242	0.0002364
2.5	0.074728	-134.16	8.2756	0.0019443	-0.0034256	0.00034712
2.502	0.075008	-129.55	8.3611	0.001568	-0.0035271	0.00045784
2.504	0.075147	-124.95	8.4243	0.0011917	-0.0036285	0.00056856
2.506	0.075133	-120.35	8.4651	0.00081547	-0.00373	0.00067927
2.508	0.074969	-115.77	8.506	0.00043921	-0.0038315	0.00078999
2.51	0.07466	-111.21	8.5077	0.0005535	-0.0036197	0.00063832
2.512	0.074217	-106.67	8.5094	0.0006678	-0.003408	0.00048665
2.514	0.073648	-102.16	8.4957	0.0007821	-0.0031963	0.00033498
2.516	0.072953	-97.672	8.4665	0.0008964	-0.0029845	0.00018331
2.518	0.072125	-93.22	8.4373	0.0010107	-0.0027728	3.1639e-05
2.52	0.071155	-88.803	8.3857	0.0011156	-0.0021894	-0.00010471
2.522	0.07003	-84.422	8.334	0.0012205	-0.0016059	-0.00024107
2.524	0.068748	-80.079	8.2745	0.0013254	-0.0010225	-0.00037742
2.526	0.067311	-75.775	8.2072	0.0014304	-0.00043905	-0.00051377
2.528	0.065736	-71.51	8.1398	0.0015353	0.0001444	-0.00065012
2.53	0.064047	-67.286	8.0606	0.0012528	0.00082771	-0.00053775
2.532	0.062273	-63.102	7.9815	0.00097024	0.001511	-0.00042537
2.534	0.060441	-58.959	7.897	0.00068772	0.0021943	-0.000313
2.536	0.058568	-54.857	7.8071	0.0004052	0.0028776	-0.00020063
2.538	0.056656	-50.796	7.7173	0.00012268	0.003561	-8.825e-05
2.54	0.054691	-46.775	7.6166	-0.00038676	0.0039423	0.00016665
2.542	0.052649	-42.794	7.5158	-0.0008962	0.0043237	0.00042155
2.544	0.050495	-38.853	7.4097	-0.0014056	0.0047051	0.00067645
2.546	0.0482	-34.951	7.2981	-0.0019151	0.0050864	0.00093135
2.548	0.045747	-31.09	7.1865	-0.0024245	0.0054678	0.0011863
2.55	0.043138	-27.267	7.0655	-0.0027339	0.0054257	0.0013052
2.552	0.040399	-23.484	6.9445	-0.0030434	0.0053835	0.0014241
2.554	0.037576	-19.74	6.8204	-0.0033528	0.0053414	0.001543
2.556	0.034728	-16.036	6.6932	-0.0036623	0.0052993	0.0016619
2.558	0.031919	-12.371	6.566	-0.0039717	0.0052572	0.0017809
2.56	0.029202	-8.7465	6.4371	-0.0038949	0.0050791	0.0016892
2.562	0.02661	-5.1623	6.3081	-0.0038182	0.0049011	0.0015975
2.564	0.024147	-1.6187	6.1803	-0.0037414	0.0047231	0.0015058
2.566	0.021795	1.883	6.0536	-0.0036646	0.0045451	0.0014141
2.568	0.019508	5.343	5.927	-0.0035878	0.0043671	0.0013223
2.57	0.017235	8.7598	5.8054	-0.0033037	0.0043783	0.0011838
2.572	0.014925	12.133	5.6839	-0.0030197	0.0043896	0.0010453
2.574	0.012545	15.462	5.5654	-0.0027356	0.0044009	0.00090683
2.576	0.010086	18.747	5.4498	-0.0024515	0.0044121	0.00076832
2.578	0.0075717	21.985	5.3342	-0.0021674	0.0044234	0.00062981
2.58	0.0050526	25.177	5.2239	-0.0019302	0.0045584	0.00057215
2.582	0.0025969	28.321	5.1137	-0.0016929	0.0046935	0.00051449
2.584	0.00027646	31.418	5.0055	-0.0014557	0.0048285	0.00045683
2.586	-0.0018476	34.467	4.8994	-0.0012184	0.0049635	0.00039917
2.588	-0.0037387	37.468	4.7933	-0.00098116	0.0050985	0.00034151
2.59	-0.0053928	40.42	4.6909	-0.00085467	0.0049831	0.0003396
2.592	-0.0068388	43.324	4.5885	-0.00072818	0.0048676	0.00033768
2.594	-0.0081321	46.179	4.4883	-0.00060169	0.0047521	0.00033577
2.596	-0.0093429	48.986	4.3903	-0.0004752	0.0046366	0.00033386
2.598	-0.01054	51.745	4.2923	-0.00034871	0.0045211	0.00033195
2.6	-0.011774	54.457	4.2003	-0.00024989	0.0039742	0.00033971
2.602	-0.013069	57.122	4.1082	-0.00015106	0.0034272	0.00034747
2.604	-0.014415	59.742	4.0199	-5.2225e-05	0.0028802	0.00035523
2.606	-0.015771	62.318	3.9352	4.6605e-05	0.0023332	0.00036299
2.608	-0.017074	64.849	3.8505	0.00014543	0.0017862	0.00037075
2.61	-0.018256	67.34	3.7728	0.00026652	0.0010848	0.00040081
2.612	-0.019258	69.788	3.6952	0.0003876	0.00038336	0.00043088
2.614	-0.020044	72.198	3.6197	0.00050868	-0.00031809	0.00046094
2.616	-0.020613	74.57	3.5464	0.00062976	-0.0010195	0.00049101
2.618	-0.020998	76.906	3.4731	0.00075084	-0.001721	0.00052107
2.62	-0.021263	79.206	3.3991	0.00086835	-0.0021523	0.00058643
2.622	-0.021487	81.473	3.325	0.00098586	-0.0025837	0.00065179
2.624	-0.021753	83.708	3.2475	0.0011034	-0.0030151	0.00071714
2.626	-0.022124	85.913	3.1665	0.0012209	-0.0034465	0.0007825
2.628	-0.022638	88.087	3.0855	0.0013384	-0.0038778	0.00084786
2.63	-0.023294	90.234	2.992	0.0014171	-0.0039158	0.00092593
2.632	-0.024055	92.354	2.8985	0.0014959	-0.0039537	0.001004
2.634	-0.024855	94.446	2.7972	0.0015746	-0.0039917	0.0010821
2.636	-0.025614	96.513	2.6881	0.0016533	-0.0040296	0.0011602
2.638	-0.026252	98.554	2.579	0.001732	-0.0040676	0.0012383
2.64	-0.026706	100.57	2.4545	0.0017497	-0.0039159	0.0012787
2.642	-0.026943	102.56	2.33	0.0017673	-0.0037642	0.0013191
2.644	-0.026965	104.53	2.1992	0.0017849	-0.0036125	0.0013595
2.646	-0.026805	106.46	2.0623	0.0018026	-0.0034608	0.0013999
2.648	-0.026522	108.38	1.9253	0.0018202	-0.0033091	0.0014403
2.65	-0.026189	110.26	1.7802	0.0017746	-0.0031922	0.001369
2.652	-0.025874	112.11	1.635	0.001729	-0.0030754	0.0012978
2.654	-0.025627	113.94	1.4875	0.0016833	-0.0029585	0.0012265
2.656	-0.025473	115.73	1.3377	0.0016377	-0.0028417	0.0011552
2.658	-0.025404	117.49	1.1879	0.0015921	-0.0027248	0.001084
2.66	-0.025388	119.21	1.0347	0.0015324	-0.0027117	0.00086857
2.662	-0.025368	120.89	0.88147	0.0014726	-0.0026985	0.00065318
2.664	-0.025283	122.53	0.72596	0.0014128	-0.0026853	0.00043779
2.666	-0.025081	124.13	0.56814	0.001353	-0.0026721	0.00022241
2.668	-0.024723	125.69	0.41032	0.0012933	-0.0026589	7.0205e-06
2.67	-0.024203	127.2	0.24522	0.001276	-0.0027089	-0.00025893
2.672	-0.023539	128.66	0.08012	0.0012587	-0.0027589	-0.00052488
2.674	-0.022778	130.06	-0.089654	0.0012414	-0.0028088	-0.00079084
2.676	-0.021982	131.42	-0.2641	0.0012242	-0.0028588	-0.0010568
2.678	-0.021218	132.71	-0.43855	0.0012069	-0.0029087	-0.0013227
2.68	-0.020546	133.95	-0.6217	0.0011957	-0.0029204	-0.0014736
2.682	-0.020006	135.13	-0.80485	0.0011846	-0.0029321	-0.0016245
2.684	-0.01961	136.24	-0.99007	0.0011734	-0.0029437	-0.0017754
2.686	-0.019344	137.3	-1.1774	0.0011623	-0.0029554	-0.0019263
2.688	-0.01917	138.29	-1.3647	0.0011511	-0.0029671	-0.0020772
2.69	-0.019033	139.21	-1.548	0.0010325	-0.0028058	-0.0020226
2.692	-0.018874	140.07	-1.7313	0.00091394	-0.0026445	-0.0019681
2.694	-0.018641	140.86	-1.9077	0.00079535	-0.0024831	-0.0019136
2.696	-0.018301	141.59	-2.0771	0.00067675	-0.0023218	-0.001859
2.698	-0.017844	142.25	-2.2465	0.00055816	-0.0021605	-0.0018045
2.7	-0.017287	142.84	-2.3932	0.00027818	-0.0017817	-0.0015854
2.702	-0.01667	143.37	-2.5399	-1.7928e-06	-0.0014028	-0.0013663
2.704	-0.016049	143.83	-2.6725	-0.00028177	-0.0010239	-0.0011473
2.706	-0.01548	144.24	-2.7909	-0.00056175	-0.00064508	-0.00092819
2.708	-0.015016	144.58	-2.9094	-0.00084172	-0.00026622	-0.00070912
2.71	-0.014689	144.87	-2.9991	-0.00121	0.00017518	-0.00043175
2.712	-0.014507	145.09	-3.0888	-0.0015783	0.00061657	-0.00015438
2.714	-0.014455	145.27	-3.1661	-0.0019466	0.001058	0.00012299
2.716	-0.014493	145.39	-3.231	-0.0023149	0.0014994	0.00040036
2.718	-0.014567	145.46	-3.2958	-0.0026833	0.0019408	0.00067773
2.72	-0.014619	145.49	-3.3426	-0.0030028	0.0022096	0.0009251
2.722	-0.014598	145.47	-3.3893	-0.0033224	0.0024783	0.0011725
2.724	-0.014473	145.42	-3.4304	-0.0036419	0.0027471	0.0014198
2.726	-0.014233	145.33	-3.4658	-0.0039615	0.0030159	0.0016672
2.728	-0.013895	145.2	-3.5012	-0.004281	0.0032847	0.0019146
2.73	-0.013498	145.05	-3.53	-0.0044162	0.0033117	0.0020756
2.732	-0.013093	144.86	-3.5588	-0.0045514	0.0033387	0.0022367
2.734	-0.012738	144.66	-3.585	-0.0046865	0.0033657	0.0023978
2.736	-0.012478	144.43	-3.6085	-0.0048217	0.0033926	0.0025589
2.738	-0.012345	144.19	-3.6321	-0.0049569	0.0034196	0.00272
2.74	-0.012344	143.93	-3.6489	-0.0048029	0.0033319	0.002725
2.742	-0.012454	143.66	-3.6657	-0.0046488	0.0032442	0.0027299
2.744	-0.012637	143.38	-3.6778	-0.0044948	0.0031565	0.0027349
2.746	-0.012835	143.1	-3.6851	-0.0043407	0.0030688	0.0027399
2.748	-0.012994	142.81	-3.6924	-0.0041866	0.002981	0.0027449
2.75	-0.013066	142.52	-3.6881	-0.0037612	0.0028993	0.0025303
2.752	-0.013021	142.23	-3.6837	-0.0033358	0.0028175	0.0023158
2.754	-0.012855	141.94	-3.6736	-0.0029104	0.0027357	0.0021012
2.756	-0.012588	141.66	-3.6576	-0.0024849	0.002654	0.0018866
2.758	-0.012262	141.38	-3.6417	-0.0020595	0.0025722	0.001672
2.76	-0.011928	141.1	-3.6167	-0.0016079	0.0025168	0.0013139
2.762	-0.011641	140.84	-3.5917	-0.0011564	0.0024615	0.00095579
2.764	-0.011444	140.59	-3.5643	-0.00070478	0.0024061	0.00059767
2.766	-0.011363	140.34	-3.5344	-0.0002532	0.0023507	0.00023955
2.768	-0.011399	140.1	-3.5045	0.00019837	0.0022954	-0.00011858
2.77	-0.01153	139.88	-3.4736	0.00032629	0.0022716	-0.00037007
2.772	-0.011715	139.67	-3.4427	0.0004542	0.0022479	-0.00062157
2.774	-0.011905	139.47	-3.4123	0.00058212	0.0022241	-0.00087306
2.776	-0.012047	139.28	-3.3824	0.00071004	0.0022004	-0.0011246
2.778	-0.0121	139.11	-3.3525	0.00083795	0.0021767	-0.001376
2.78	-0.012043	138.94	-3.3225	0.00054824	0.002175	-0.0013205
2.782	-0.011871	138.79	-3.2926	0.00025853	0.0021734	-0.0012649
2.784	-0.011602	138.66	-3.2608	-3.1187e-05	0.0021718	-0.0012093
2.786	-0.011271	138.53	-3.2272	-0.0003209	0.0021701	-0.0011537
2.788	-0.010919	138.42	-3.1937	-0.00061061	0.0021685	-0.0010981
2.79	-0.010588	138.33	-3.1515	-0.00098393	0.0020954	-0.00081703
2.792	-0.010311	138.24	-3.1094	-0.0013573	0.0020223	-0.00053597
2.794	-0.01011	138.17	-3.0609	-0.0017306	0.0019492	-0.00025492
2.796	-0.0099898	138.12	-3.006	-0.0021039	0.0018761	2.6139e-05
2.798	-0.0099435	138.08	-2.9511	-0.0024772	0.001803	0.00030719
2.8	-0.009953	138.05	-2.8816	-0.0025011	0.0015789	0.00053197
2.802	-0.0099956	138.03	-2.8121	-0.002525	0.0013547	0.00075675
2.804	-0.010049	138.03	-2.7359	-0.002549	0.0011305	0.00098152
2.806	-0.010097	138.04	-2.6531	-0.0025729	0.00090636	0.0012063
2.808	-0.010127	138.06	-2.5703	-0.0025968	0.00068219	0.0014311
2.81	-0.010138	138.1	-2.4782	-0.0022166	0.00039934	0.0014127
2.812	-0.01013	138.16	-2.3861	-0.0018365	0.0001165	0.0013942
2.814	-0.010108	138.22	-2.292	-0.0014564	-0.00016634	0.0013758
2.816	-0.010078	138.31	-2.1959	-0.0010762	-0.00044919	0.0013574
2.818	-0.010043	138.4	-2.0998	-0.00069608	-0.00073203	0.001339
2.82	-0.010007	138.51	-2.0045	-0.00027736	-0.00086855	0.0011457
2.822	-0.0099739	138.64	-1.9093	0.00014136	-0.0010051	0.00095247
2.824	-0.0099497	138.78	-1.8161	0.00056007	-0.0011416	0.00075922
2.826	-0.0099439	138.93	-1.7249	0.00097879	-0.0012781	0.00056596
2.828	-0.00997	139.1	-1.6337	0.0013975	-0.0014146	0.0003727
2.83	-0.010044	139.28	-1.5476	0.0014832	-0.001301	0.00021621
2.832	-0.010179	139.47	-1.4615	0.0015689	-0.0011873	5.9718e-05
2.834	-0.010386	139.67	-1.3777	0.0016546	-0.0010737	-9.6774e-05
2.836	-0.010661	139.89	-1.2961	0.0017402	-0.00096005	-0.00025327
2.838	-0.01099	140.12	-1.2146	0.0018259	-0.00084641	-0.00040976
2.84	-0.01134	140.37	-1.1368	0.0015688	-0.00058588	-0.00040477
2.842	-0.011671	140.62	-1.0589	0.0013116	-0.00032534	-0.00039979
2.844	-0.011933	140.88	-0.98296	0.0010545	-6.4804e-05	-0.0003948
2.846	-0.012079	141.15	-0.90884	0.00079735	0.00019573	-0.00038982
2.848	-0.012075	141.43	-0.83472	0.00054021	0.00045627	-0.00038483
2.85	-0.011906	141.72	-0.76588	0.00024797	0.0006488	-0.00028456
2.852	-0.011583	142.02	-0.69704	-4.4269e-05	0.00084133	-0.00018428
2.854	-0.011144	142.32	-0.63234	-0.00033651	0.0010339	-8.4002e-05
2.856	-0.010648	142.63	-0.57177	-0.00062875	0.0012264	1.6274e-05
2.858	-0.010168	142.94	-0.5112	-0.00092098	0.0014189	0.00011655
2.86	-0.0097789	143.26	-0.46235	-0.0009611	0.0014021	0.0001692
2.862	-0.0095418	143.58	-0.4135	-0.0010012	0.0013853	0.00022184
2.864	-0.0094958	143.9	-0.37184	-0.0010413	0.0013685	0.00027449
2.866	-0.0096504	144.22	-0.33737	-0.0010814	0.0013518	0.00032713
2.868	-0.0099837	144.54	-0.3029	-0.0011216	0.001335	0.00037978
2.87	-0.010447	144.86	-0.28363	-0.00089361	0.0011295	0.00033832
2.872	-0.010975	145.19	-0.26435	-0.00066567	0.00092393	0.00029685
2.874	-0.011496	145.51	-0.25197	-0.00043772	0.0007184	0.00025539
2.876	-0.011948	145.83	-0.24649	-0.00020978	0.00051288	0.00021393
2.878	-0.012288	146.14	-0.24101	1.8168e-05	0.00030735	0.00017246
2.88	-0.012496	146.45	-0.24613	0.00030912	2.8481e-05	0.0001101
2.882	-0.012578	146.76	-0.25126	0.00060007	-0.00025039	4.7734e-05
2.884	-0.012564	147.07	-0.25972	0.00089101	-0.00052927	-1.463e-05
2.886	-0.012495	147.37	-0.27151	0.001182	-0.00080814	-7.6993e-05
2.888	-0.012415	147.66	-0.2833	0.0014729	-0.001087	-0.00013936
2.89	-0.012364	147.95	-0.29829	0.0016345	-0.0013073	-0.00015485
2.892	-0.012368	148.24	-0.31328	0.0017961	-0.0015276	-0.00017034
2.894	-0.012434	148.52	-0.32881	0.0019577	-0.0017478	-0.00018583
2.896	-0.012557	148.79	-0.34487	0.0021193	-0.0019681	-0.00020133
2.898	-0.012718	149.06	-0.36094	0.002281	-0.0021884	-0.00021682
2.9	-0.012893	149.32	-0.37759	0.0022874	-0.002222	-0.00021379
2.902	-0.013063	149.57	-0.39424	0.0022939	-0.0022556	-0.00021075
2.904	-0.013209	149.82	-0.41157	0.0023004	-0.0022892	-0.00020772
2.906	-0.013327	150.05	-0.42958	0.0023069	-0.0023229	-0.00020469
2.908	-0.013416	150.28	-0.44759	0.0023134	-0.0023565	-0.00020166
2.91	-0.013485	150.5	-0.46825	0.0022507	-0.0021676	-0.00024395
2.912	-0.013542	150.71	-0.48891	0.002188	-0.0019787	-0.00028624
2.914	-0.013593	150.9	-0.51139	0.0021253	-0.0017898	-0.00032853
2.916	-0.013642	151.09	-0.53571	0.0020626	-0.0016008	-0.00037082
2.918	-0.013685	151.26	-0.56003	0.0019999	-0.0014119	-0.00041312
2.92	-0.013718	151.42	-0.58832	0.0019281	-0.0011748	-0.00048717
2.922	-0.013737	151.56	-0.6166	0.0018564	-0.0009376	-0.00056122
2.924	-0.01374	151.69	-0.64666	0.0017847	-0.00070043	-0.00063528
2.926	-0.013731	151.79	-0.6785	0.0017129	-0.00046326	-0.00070933
2.928	-0.013718	151.88	-0.71033	0.0016412	-0.0002261	-0.00078339
2.93	-0.013713	151.95	-0.74499	0.0015549	-0.00020043	-0.00080561
2.932	-0.013724	151.99	-0.77966	0.0014686	-0.00017477	-0.00082784
2.934	-0.013753	152.01	-0.81546	0.0013823	-0.0001491	-0.00085007
2.936	-0.013791	152.01	-0.85241	0.001296	-0.00012344	-0.0008723
2.938	-0.013818	151.97	-0.88936	0.0012097	-9.7775e-05	-0.00089452
2.94	-0.013806	151.91	-0.92858	0.0010851	-0.00030325	-0.00083091
2.942	-0.013724	151.82	-0.96781	0.00096051	-0.00050872	-0.00076729
2.944	-0.013547	151.7	-1.0084	0.00083591	-0.0007142	-0.00070368
2.946	-0.013264	151.54	-1.0505	0.00071131	-0.00091967	-0.00064007
2.948	-0.012885	151.35	-1.0925	0.00058672	-0.0011251	-0.00057645
2.95	-0.012443	151.13	-1.1382	0.00042859	-0.0012905	-0.00050356
2.952	-0.011988	150.87	-1.1839	0.00027046	-0.0014559	-0.00043067
2.954	-0.011587	150.57	-1.2316	0.00011233	-0.0016213	-0.00035778
2.956	-0.0113	150.24	-1.2815	-4.5794e-05	-0.0017867	-0.00028488
2.958	-0.011177	149.87	-1.3313	-0.00020392	-0.0019521	-0.00021199
2.96	-0.011239	149.46	-1.3854	-0.00033152	-0.0018829	-0.0002354
2.962	-0.011476	149.01	-1.4395	-0.00045912	-0.0018136	-0.00025882
2.964	-0.011842	148.53	-1.4955	-0.00058672	-0.0017443	-0.00028223
2.966	-0.01227	148.01	-1.5533	-0.00071432	-0.0016751	-0.00030565
2.968	-0.012678	147.45	-1.6112	-0.00084192	-0.0016058	-0.00032906
2.97	-0.01299	146.86	-1.6718	-0.00084376	-0.0014468	-0.00045431
2.972	-0.013153	146.24	-1.7324	-0.00084561	-0.0012879	-0.00057955
2.974	-0.013148	145.59	-1.794	-0.00084746	-0.0011289	-0.0007048
2.976	-0.012993	144.9	-1.8566	-0.00084931	-0.00096989	-0.00083004
2.978	-0.01274	144.19	-1.9192	-0.00085116	-0.00081091	-0.00095529
2.98	-0.012465	143.45	-1.9831	-0.00071475	-0.00081973	-0.0010616
2.982	-0.012245	142.69	-2.0471	-0.00057834	-0.00082856	-0.001168
2.984	-0.012144	141.91	-2.1117	-0.00044193	-0.00083738	-0.0012744
2.986	-0.012192	141.11	-2.1769	-0.00030552	-0.00084621	-0.0013807
2.988	-0.012381	140.3	-2.2421	-0.00016911	-0.00085503	-0.0014871
2.99	-0.012667	139.48	-2.3086	-2.3121e-05	-0.0010351	-0.00146
2.992	-0.012974	138.64	-2.3751	0.00012286	-0.0012152	-0.0014329
2.994	-0.013218	137.8	-2.4422	0.00026885	-0.0013953	-0.0014058
2.996	-0.013326	136.96	-2.5099	0.00041483	-0.0015754	-0.0013787
2.998	-0.013255	136.11	-2.5777	0.00056082	-0.0017555	-0.0013516
3	-0.013001	135.27	-2.6459	0.00057118	-0.0018769	-0.0012373
3.002	-0.012608	134.43	-2.7142	0.00058154	-0.0019984	-0.001123
3.004	-0.012151	133.6	-2.7822	0.00059191	-0.0021199	-0.0010086
3.006	-0.011726	132.78	-2.8499	0.00060227	-0.0022413	-0.00089431
3.008	-0.011421	131.97	-2.9176	0.00061263	-0.0023628	-0.00077999
3.01	-0.011301	131.17	-2.9834	0.00050689	-0.0023103	-0.00074701
3.012	-0.011385	130.38	-3.0491	0.00040115	-0.0022578	-0.00071404
3.014	-0.011644	129.62	-3.1135	0.00029541	-0.0022052	-0.00068107
3.016	-0.012007	128.86	-3.1763	0.00018967	-0.0021527	-0.0006481
3.018	-0.012372	128.12	-3.2392	8.3923e-05	-0.0021002	-0.00061513
3.02	-0.012634	127.4	-3.2991	4.0913e-05	-0.0020213	-0.00074466
3.022	-0.012707	126.69	-3.359	-2.098e-06	-0.0019424	-0.00087419
3.024	-0.012543	126	-3.4181	-4.5109e-05	-0.0018636	-0.0010037
3.026	-0.012147	125.32	-3.4762	-8.8119e-05	-0.0017847	-0.0011333
3.028	-0.011571	124.66	-3.5344	-0.00013113	-0.0017058	-0.0012628
3.03	-0.010906	124	-3.5929	5.5961e-06	-0.0017483	-0.0014449
3.032	-0.010261	123.35	-3.6515	0.00014232	-0.0017908	-0.001627
3.034	-0.009736	122.71	-3.7114	0.00027905	-0.0018334	-0.0018091
3.036	-0.0094017	122.06	-3.7727	0.00041577	-0.0018759	-0.0019911
3.038	-0.0092851	121.42	-3.834	0.0005525	-0.0019184	-0.0021732
3.04	-0.009365	120.78	-3.8997	0.00076947	-0.0019845	-0.0022386
3.042	-0.0095801	120.12	-3.9654	0.00098645	-0.0020505	-0.0023041
3.044	-0.0098449	119.46	-4.0334	0.0012034	-0.0021165	-0.0023695
3.046	-0.010072	118.77	-4.1036	0.0014204	-0.0021826	-0.0024349
3.048	-0.010192	118.08	-4.1738	0.0016374	-0.0022486	-0.0025003
3.05	-0.010168	117.35	-4.2469	0.0017611	-0.0021658	-0.0023991
3.052	-0.010002	116.61	-4.3201	0.0018849	-0.002083	-0.0022979
3.054	-0.0097285	115.83	-4.3931	0.0020087	-0.0020002	-0.0021967
3.056	-0.0094018	115.02	-4.4662	0.0021324	-0.0019175	-0.0020955
3.058	-0.0090766	114.17	-4.5392	0.0022562	-0.0018347	-0.0019944
3.06	-0.008792	113.28	-4.6088	0.0022628	-0.001661	-0.0018217
3.062	-0.0085589	112.35	-4.6783	0.0022694	-0.0014874	-0.0016491
3.064	-0.0083576	111.37	-4.7449	0.002276	-0.0013137	-0.0014764
3.066	-0.0081449	110.34	-4.8086	0.0022826	-0.0011401	-0.0013038
3.068	-0.007868	109.27	-4.8722	0.0022892	-0.00096644	-0.0011311
3.07	-0.0074827	108.14	-4.9293	0.0022678	-0.00091929	-0.0010196
3.072	-0.0069689	106.96	-4.9863	0.0022463	-0.00087214	-0.00090807
3.074	-0.0063395	105.72	-5.0409	0.0022249	-0.000825	-0.00079654
3.076	-0.0056392	104.43	-5.0929	0.0022035	-0.00077785	-0.00068501
3.078	-0.004934	103.09	-5.1449	0.002182	-0.00073071	-0.00057348
3.08	-0.0042927	101.69	-5.1951	0.0021627	-0.00084584	-0.00058047
3.082	-0.0037652	100.24	-5.2453	0.0021433	-0.00096097	-0.00058746
3.084	-0.0033657	98.74	-5.2967	0.002124	-0.0010761	-0.00059445
3.086	-0.0030644	97.191	-5.3492	0.0021046	-0.0011912	-0.00060143
3.088	-0.0027906	95.594	-5.4016	0.0020852	-0.0013064	-0.00060842
3.09	-0.0024484	93.955	-5.4597	0.0020485	-0.0013724	-0.00068763
3.092	-0.0019404	92.274	-5.5179	0.0020117	-0.0014385	-0.00076684
3.094	-0.0011944	90.556	-5.5797	0.0019749	-0.0015045	-0.00084606
3.096	-0.00018478	88.803	-5.6452	0.0019381	-0.0015705	-0.00092527
3.098	0.001057	87.021	-5.7108	0.0019013	-0.0016366	-0.0010045
3.1	0.002448	85.212	-5.7833	0.0018706	-0.0014971	-0.0010662
3.102	0.0038727	83.383	-5.8558	0.0018399	-0.0013576	-0.0011279
3.104	0.005213	81.536	-5.9307	0.0018092	-0.0012181	-0.0011896
3.106	0.0063825	79.677	-6.0079	0.0017785	-0.0010786	-0.0012513
3.108	0.0073551	77.809	-6.0851	0.0017478	-0.00093911	-0.001313
3.11	0.0081778	75.939	-6.1632	0.0017333	-0.00068455	-0.0013019
3.112	0.0089656	74.068	-6.2414	0.0017188	-0.00043	-0.0012907
3.114	0.0098779	72.205	-6.3182	0.0017043	-0.00017545	-0.0012795
3.116	0.011078	70.349	-6.3934	0.0016897	7.9107e-05	-0.0012684
3.118	0.012689	68.508	-6.4687	0.0016752	0.00033366	-0.0012572
3.12	0.014752	66.683	-6.5377	0.0015982	0.00053689	-0.0011684
3.122	0.017202	64.88	-6.6067	0.0015212	0.00074012	-0.0010795
3.124	0.01987	63.1	-6.6714	0.0014442	0.00094335	-0.00099069
3.126	0.022505	61.347	-6.7317	0.0013672	0.0011466	-0.00090186
3.128	0.024827	59.623	-6.7921	0.0012902	0.0013498	-0.00081302
3.13	0.026583	57.93	-6.8425	0.001065	0.0014803	-0.00064899
3.132	0.027606	56.27	-6.893	0.00083984	0.0016108	-0.00048496
3.134	0.02786	54.644	-6.9383	0.00061468	0.0017412	-0.00032092
3.136	0.027455	53.053	-6.9785	0.00038953	0.0018717	-0.00015689
3.138	0.026631	51.496	-7.0187	0.00016437	0.0020022	7.1417e-06
3.14	0.02571	49.976	-7.0491	-0.0001826	0.002141	0.00024911
3.142	0.025033	48.489	-7.0795	-0.00052958	0.0022799	0.00049108
3.144	0.024879	47.037	-7.1055	-0.00087655	0.0024187	0.00073305
3.146	0.025407	45.618	-7.1271	-0.0012235	0.0025576	0.00097503
3.148	0.026612	44.23	-7.1487	-0.0015705	0.0026964	0.001217
3.15	0.028328	42.87	-7.1631	-0.0019024	0.0028479	0.001475
3.152	0.030255	41.538	-7.1774	-0.0022342	0.0029995	0.001733
3.154	0.03203	40.229	-7.1893	-0.0025661	0.003151	0.0019911
3.156	0.0333	38.944	-7.1986	-0.002898	0.0033025	0.0022491
3.158	0.033808	37.676	-7.208	-0.0032298	0.0034541	0.0025071
3.16	0.03344	36.425	-7.2149	-0.0034081	0.003518	0.0026238
3.162	0.032259	35.185	-7.2219	-0.0035864	0.0035819	0.0027404
3.164	0.030484	33.955	-7.2291	-0.0037647	0.0036458	0.0028571
3.166	0.028436	32.73	-7.2364	-0.003943	0.0037097	0.0029738
3.168	0.026464	31.508	-7.2437	-0.0041213	0.0037736	0.0030905
3.17	0.024859	30.284	-7.2536	-0.0041307	0.0036993	0.002964
3.172	0.023788	29.057	-7.2635	-0.0041401	0.0036249	0.0028375
3.174	0.023251	27.822	-7.2753	-0.0041494	0.0035505	0.0027111
3.176	0.023081	26.577	-7.2889	-0.0041588	0.0034761	0.0025846
3.178	0.022988	25.317	-7.3026	-0.0041681	0.0034017	0.0024582
3.18	0.022628	24.043	-7.3197	-0.0041409	0.0032958	0.0022268
3.182	0.021688	22.75	-7.3368	-0.0041137	0.0031899	0.0019955
3.184	0.019966	21.437	-7.3549	-0.0040864	0.0030839	0.0017642
3.186	0.01742	20.101	-7.374	-0.0040592	0.002978	0.0015329
3.188	0.014188	18.742	-7.3931	-0.004032	0.002872	0.0013016
3.19	0.010557	17.357	-7.4122	-0.0040963	0.0028829	0.0012439
3.192	0.0069031	15.947	-7.4312	-0.0041607	0.0028938	0.0011862
3.194	0.0036052	14.51	-7.4492	-0.004225	0.0029047	0.0011286
3.196	0.00096369	13.046	-7.4663	-0.0042893	0.0029155	0.0010709
3.198	-0.00086429	11.555	-7.4833	-0.0043537	0.0029264	0.0010132
3.2	-0.0018943	10.038	-7.4976	-0.0044169	0.003017	0.0012044
3.202	-0.0023018	8.4959	-7.5118	-0.0044801	0.0031076	0.0013956
3.204	-0.0023725	6.9284	-7.5249	-0.0045433	0.0031982	0.0015867
3.206	-0.0024272	5.3383	-7.5367	-0.0046065	0.0032888	0.0017779
3.208	-0.0027415	3.7255	-7.5486	-0.0046697	0.0033794	0.0019691
3.21	-0.0034789	2.0937	-7.5594	-0.0044332	0.0033001	0.0021543
3.212	-0.0046558	0.44279	-7.5703	-0.0041968	0.0032208	0.0023395
3.214	-0.0061457	-1.2227	-7.5813	-0.0039603	0.0031415	0.0025247
3.216	-0.0077206	-2.9028	-7.5927	-0.0037239	0.0030622	0.0027099
3.218	-0.0091193	-4.5925	-7.604	-0.0034874	0.0029829	0.0028951
3.22	-0.010122	-6.2918	-7.6166	-0.0028057	0.0025631	0.0027976
3.222	-0.010615	-7.9953	-7.6291	-0.002124	0.0021433	0.0027001
3.224	-0.010619	-9.7029	-7.6419	-0.0014423	0.0017234	0.0026026
3.226	-0.01029	-11.409	-7.6548	-0.00076064	0.0013036	0.002505
3.228	-0.0098663	-13.114	-7.6678	-7.8941e-05	0.00088379	0.0024075
3.23	-0.0096032	-14.812	-7.679	0.00074991	0.00030253	0.0020578
3.232	-0.0096923	-16.503	-7.6903	0.0015788	-0.00027873	0.0017082
3.234	-0.010199	-18.181	-7.6994	0.0024076	-0.00085999	0.0013585
3.236	-0.011032	-19.848	-7.7064	0.0032365	-0.0014413	0.0010088
3.238	-0.011961	-21.499	-7.7134	0.0040653	-0.0020225	0.0006591
3.24	-0.012672	-23.132	-7.7145	0.0045612	-0.0024033	0.00030353
3.242	-0.012861	-24.745	-7.7156	0.0050571	-0.002784	-5.2036e-05
3.244	-0.012324	-26.338	-7.7141	0.005553	-0.0031648	-0.0004076
3.246	-0.011042	-27.907	-7.7099	0.0060489	-0.0035455	-0.00076317
3.248	-0.0092091	-29.452	-7.7056	0.0065448	-0.0039262	-0.0011187
3.25	-0.0072151	-30.971	-7.6995	0.0065822	-0.003987	-0.001331
3.252	-0.0055648	-32.465	-7.6933	0.0066195	-0.0040478	-0.0015432
3.254	-0.0047535	-33.933	-7.6891	0.0066569	-0.0041086	-0.0017555
3.256	-0.0051278	-35.373	-7.6867	0.0066942	-0.0041694	-0.0019677
3.258	-0.0067637	-36.787	-7.6843	0.0067316	-0.0042302	-0.00218
3.26	-0.009395	-38.174	-7.6921	0.0065842	-0.0041693	-0.0022562
3.262	-0.012417	-39.536	-7.6999	0.0064368	-0.0041084	-0.0023324
3.264	-0.014975	-40.872	-7.7153	0.0062894	-0.0040475	-0.0024086
3.266	-0.016123	-42.185	-7.7383	0.006142	-0.0039866	-0.0024848
3.268	-0.015032	-43.474	-7.7614	0.0059947	-0.0039256	-0.002561
3.27	-0.011196	-44.742	-7.8014	0.0058374	-0.0038813	-0.0024824
3.272	-0.0045995	-45.99	-7.8414	0.0056802	-0.0038369	-0.0024038
3.274	0.0041993	-47.221	-7.8886	0.005523	-0.0037926	-0.0023252
3.276	0.014097	-48.435	-7.9429	0.0053658	-0.0037482	-0.0022467
3.278	0.023583	-49.636	-7.9973	0.0052085	-0.0037038	-0.0021681
3.28	0.030971	-50.825	-8.0595	0.0048641	-0.0035186	-0.0018626
3.282	0.034688	-52.006	-8.1216	0.0045197	-0.0033334	-0.0015571
3.284	0.033561	-53.18	-8.1833	0.0041752	-0.0031481	-0.0012515
3.286	0.027049	-54.351	-8.2444	0.0038308	-0.0029629	-0.00094602
3.288	0.015374	-55.519	-8.3055	0.0034863	-0.0027776	-0.0006405
3.29	-0.0004772	-56.69	-8.3569	0.0028124	-0.0022856	-0.00018751
3.292	-0.018886	-57.864	-8.4083	0.0021385	-0.0017935	0.00026549
3.294	-0.037848	-59.045	-8.4517	0.0014647	-0.0013015	0.00071848
3.296	-0.055282	-60.234	-8.4872	0.00079075	-0.00080942	0.0011715
3.298	-0.069355	-61.435	-8.5227	0.00011686	-0.00031738	0.0016245
3.3	-0.07876	-62.648	-8.5399	-0.00056201	0.00026181	0.0019267
3.302	-0.082889	-63.879	-8.5572	-0.0012409	0.000841	0.002229
3.304	-0.081891	-65.125	-8.5662	-0.0019198	0.0014202	0.0025312
3.306	-0.076596	-66.393	-8.5669	-0.0025986	0.0019994	0.0028335
3.308	-0.068329	-67.68	-8.5676	-0.0032775	0.0025786	0.0031357
3.31	-0.058652	-68.991	-8.5562	-0.0033906	0.0027567	0.0030384
3.312	-0.04909	-70.325	-8.5448	-0.0035037	0.0029349	0.002941
3.314	-0.040886	-71.684	-8.5301	-0.0036168	0.003113	0.0028437
3.316	-0.034835	-73.068	-8.5119	-0.0037299	0.0032912	0.0027464
3.318	-0.031214	-74.478	-8.4937	-0.003843	0.0034694	0.002649
3.32	-0.029812	-75.914	-8.473	-0.003241	0.0030507	0.0022276
3.322	-0.030054	-77.377	-8.4524	-0.0026389	0.002632	0.0018062
3.324	-0.031171	-78.866	-8.4315	-0.0020369	0.0022133	0.0013849
3.326	-0.032387	-80.379	-8.4105	-0.0014349	0.0017946	0.00096348
3.328	-0.033079	-81.918	-8.3894	-0.00083291	0.0013759	0.0005421
3.33	-0.032883	-83.48	-8.368	-4.5264e-05	0.00075239	0.0001135
3.332	-0.031731	-85.065	-8.3466	0.00074238	0.00012883	-0.00031511
3.334	-0.029816	-86.669	-8.3243	0.00153	-0.00049472	-0.00074372
3.336	-0.02751	-88.294	-8.3013	0.0023177	-0.0011183	-0.0011723
3.338	-0.025245	-89.935	-8.2782	0.0031053	-0.0017418	-0.0016009
3.34	-0.023407	-91.592	-8.2525	0.003389	-0.0019777	-0.001796
3.342	-0.022248	-93.261	-8.2267	0.0036726	-0.0022136	-0.001991
3.344	-0.021842	-94.942	-8.1998	0.0039562	-0.0024495	-0.0021861
3.346	-0.022087	-96.629	-8.1717	0.0042399	-0.0026853	-0.0023811
3.348	-0.022756	-98.323	-8.1436	0.0045235	-0.0029212	-0.0025762
3.35	-0.023557	-100.02	-8.1153	0.0041245	-0.0026002	-0.00254
3.352	-0.024216	-101.71	-8.087	0.0037254	-0.0022791	-0.0025038
3.354	-0.024535	-103.41	-8.0604	0.0033263	-0.001958	-0.0024677
3.356	-0.024427	-105.09	-8.0356	0.0029273	-0.001637	-0.0024315
3.358	-0.023921	-106.77	-8.0107	0.0025282	-0.0013159	-0.0023953
3.36	-0.023137	-108.44	-7.9933	0.001836	-0.00081115	-0.002256
3.362	-0.022244	-110.09	-7.9759	0.0011438	-0.00030636	-0.0021167
3.364	-0.021404	-111.73	-7.9639	0.00045165	0.00019842	-0.0019773
3.366	-0.020737	-113.35	-7.9572	-0.00024053	0.00070321	-0.001838
3.368	-0.020292	-114.95	-7.9505	-0.00093271	0.001208	-0.0016986
3.37	-0.02005	-116.53	-7.9561	-0.001452	0.0014679	-0.0015051
3.372	-0.019937	-118.08	-7.9617	-0.0019714	0.0017277	-0.0013116
3.374	-0.019856	-119.61	-7.9733	-0.0024907	0.0019876	-0.0011181
3.376	-0.019723	-121.11	-7.9909	-0.0030101	0.0022475	-0.00092456
3.378	-0.019488	-122.58	-8.0085	-0.0035294	0.0025074	-0.00073104
3.38	-0.019152	-124.03	-8.0366	-0.00371	0.0024966	-0.00042754
3.382	-0.01876	-125.45	-8.0648	-0.0038907	0.0024859	-0.00012404
3.384	-0.01838	-126.84	-8.0974	-0.0040713	0.0024752	0.00017946
3.386	-0.018081	-128.2	-8.1343	-0.004252	0.0024644	0.00048296
3.388	-0.017905	-129.53	-8.1713	-0.0044326	0.0024537	0.00078646
3.39	-0.017853	-130.84	-8.2157	-0.0043511	0.0024307	0.0011696
3.392	-0.017878	-132.13	-8.2602	-0.0042696	0.0024077	0.0015527
3.394	-0.0179	-133.39	-8.3083	-0.0041882	0.0023846	0.0019358
3.396	-0.01783	-134.63	-8.3599	-0.0041067	0.0023616	0.0023189
3.398	-0.017596	-135.85	-8.4116	-0.0040252	0.0023386	0.002702
3.4	-0.017165	-137.05	-8.4706	-0.0038067	0.0023891	0.0029328
3.402	-0.016562	-138.24	-8.5297	-0.0035883	0.0024397	0.0031636
3.404	-0.015861	-139.42	-8.5925	-0.0033698	0.0024902	0.0033945
3.406	-0.015174	-140.59	-8.6591	-0.0031513	0.0025408	0.0036253
3.408	-0.014619	-141.76	-8.7256	-0.0029329	0.0025914	0.0038561
3.41	-0.014288	-142.92	-8.7984	-0.0026997	0.0025134	0.0037101
3.412	-0.014223	-144.08	-8.8711	-0.0024666	0.0024354	0.0035641
3.414	-0.014396	-145.26	-8.9454	-0.0022334	0.0023574	0.003418
3.416	-0.014716	-146.43	-9.0212	-0.0020003	0.0022794	0.003272
3.418	-0.015043	-147.62	-9.0971	-0.0017671	0.0022014	0.003126
3.42	-0.015221	-148.83	-9.1706	-0.0016007	0.0018664	0.0026715
3.422	-0.015114	-150.06	-9.2442	-0.0014343	0.0015314	0.0022171
3.424	-0.014638	-151.3	-9.3132	-0.0012679	0.0011965	0.0017627
3.426	-0.013783	-152.57	-9.3776	-0.0011015	0.00086151	0.0013082
3.428	-0.012613	-153.87	-9.4421	-0.00093511	0.00052653	0.00085381
3.43	-0.011258	-155.19	-9.4897	-0.00077742	0.00013703	0.00039041
3.432	-0.0098751	-156.55	-9.5373	-0.00061974	-0.00025248	-7.2981e-05
3.434	-0.0086211	-157.94	-9.573	-0.00046205	-0.00064198	-0.00053638
3.436	-0.0076114	-159.37	-9.5965	-0.00030437	-0.0010315	-0.00099977
3.438	-0.0068972	-160.83	-9.6201	-0.00014668	-0.001421	-0.0014632
3.44	-0.006455	-162.32	-9.6134	0.00011081	-0.0015644	-0.0017239
3.442	-0.0061951	-163.85	-9.6067	0.00036831	-0.0017077	-0.0019846
3.444	-0.005986	-165.42	-9.5825	0.00062581	-0.0018511	-0.0022453
3.446	-0.0056876	-167.02	-9.5408	0.0008833	-0.0019944	-0.002506
3.448	-0.005185	-168.66	-9.499	0.0011408	-0.0021378	-0.0027667
3.45	-0.0044153	-170.32	-9.4187	0.0013753	-0.0020067	-0.0028216
3.452	-0.0033802	-172.01	-9.3384	0.0016099	-0.0018756	-0.0028764
3.454	-0.0021424	-173.73	-9.2374	0.0018444	-0.0017444	-0.0029313
3.456	-0.00080654	-175.48	-9.1157	0.0020789	-0.0016133	-0.0029861
3.458	0.00051014	-177.24	-8.994	0.0023135	-0.0014822	-0.003041
3.46	0.0017093	-179.01	-8.8283	0.002169	-0.0013282	-0.0029381
3.462	0.0027366	-180.79	-8.6627	0.0020246	-0.0011742	-0.0028353
3.464	0.0035956	-182.59	-8.4739	0.0018802	-0.0010202	-0.0027324
3.466	0.0043449	-184.37	-8.2618	0.0017358	-0.00086617	-0.0026295
3.468	0.005082	-186.15	-8.0497	0.0015913	-0.00071216	-0.0025267
3.47	0.0059163	-187.92	-7.7884	0.0009273	-0.00073309	-0.0022688
3.472	0.0069382	-189.67	-7.5272	0.00026325	-0.00075401	-0.002011
3.474	0.0081944	-191.39	-7.2403	-0.0004008	-0.00077494	-0.0017532
3.476	0.0096743	-193.08	-6.9276	-0.0010648	-0.00079587	-0.0014954
3.478	0.011311	-194.72	-6.615	-0.0017289	-0.0008168	-0.0012376
3.48	0.012996	-196.32	-6.2497	-0.0025334	-0.00091337	-0.0008772
3.482	0.01461	-197.87	-5.8843	-0.0033379	-0.0010099	-0.00051681
3.484	0.01605	-199.35	-5.4928	-0.0041423	-0.0011065	-0.00015643
3.486	0.017259	-200.76	-5.0751	-0.0049468	-0.0012031	0.00020396
3.488	0.018242	-202.09	-4.6574	-0.0057513	-0.0012997	0.00056434
3.49	0.019069	-203.34	-4.1899	-0.0061503	-0.001205	0.00088791
3.492	0.01986	-204.5	-3.7225	-0.0065492	-0.0011103	0.0012115
3.494	0.02076	-205.56	-3.2328	-0.0069482	-0.0010157	0.001535
3.496	0.021901	-206.52	-2.721	-0.0073472	-0.00092099	0.0018586
3.498	0.023379	-207.36	-2.2091	-0.0077462	-0.00082633	0.0021822
3.5	0.025221	-208.09	-1.6608	-0.0075994	-0.00043231	0.0023843
3.502	0.027386	-208.69	-1.1126	-0.0074527	-3.8285e-05	0.0025864
3.504	0.029769	-209.17	-0.55135	-0.007306	0.00035574	0.0027885
3.506	0.032224	-209.51	0.022853	-0.0071593	0.00074976	0.0029906
3.508	0.034593	-209.72	0.59705	-0.0070126	0.0011438	0.0031926
3.51	0.036745	-209.78	1.185	-0.006601	0.0016427	0.0033075
3.512	0.038601	-209.7	1.773	-0.0061894	0.0021417	0.0034224
3.514	0.040148	-209.47	2.3615	-0.0057778	0.0026407	0.0035373
3.516	0.041441	-209.1	2.9505	-0.0053662	0.0031396	0.0036522
3.518	0.04259	-208.57	3.5396	-0.0049546	0.0036386	0.0037671
3.52	0.043728	-207.88	4.1175	-0.0045034	0.003911	0.0037843
3.522	0.044989	-207.04	4.6954	-0.0040522	0.0041834	0.0038015
3.524	0.04647	-206.05	5.2626	-0.0036009	0.0044559	0.0038187
3.526	0.048215	-204.9	5.8192	-0.0031497	0.0047283	0.0038359
3.528	0.050207	-203.59	6.3758	-0.0026985	0.0050007	0.0038531
3.53	0.052375	-202.13	6.9036	-0.0021536	0.0048576	0.0036165
3.532	0.054612	-200.52	7.4315	-0.0016087	0.0047146	0.0033799
3.534	0.056801	-198.75	7.9427	-0.0010638	0.0045715	0.0031432
3.536	0.058839	-196.84	8.4373	-0.00051886	0.0044284	0.0029066
3.538	0.060663	-194.78	8.932	2.6057e-05	0.0042854	0.00267
3.54	0.062261	-192.58	9.3916	0.00073312	0.0038147	0.0020758
3.542	0.063666	-190.24	9.8513	0.0014402	0.0033441	0.0014816
3.544	0.06495	-187.75	10.293	0.0021473	0.0028735	0.00088743
3.546	0.066204	-185.14	10.718	0.0028543	0.0024028	0.00029322
3.548	0.067511	-182.4	11.142	0.0035614	0.0019322	-0.00030098
3.55	0.068928	-179.54	11.531	0.0042788	0.0013846	-0.0010636
3.552	0.070474	-176.55	11.921	0.0049962	0.00083705	-0.0018262
3.554	0.072125	-173.45	12.291	0.0057136	0.00028949	-0.0025889
3.556	0.073817	-170.24	12.644	0.006431	-0.00025807	-0.0033515
3.558	0.075469	-166.93	12.997	0.0071483	-0.00080563	-0.0041141
3.56	0.076994	-163.52	13.311	0.0076351	-0.0012302	-0.004633
3.562	0.078321	-160.01	13.624	0.0081219	-0.0016547	-0.0051519
3.564	0.079411	-156.41	13.916	0.0086087	-0.0020793	-0.0056708
3.566	0.080258	-152.73	14.187	0.0090955	-0.0025038	-0.0061897
3.568	0.080894	-148.97	14.458	0.0095823	-0.0029284	-0.0067086
3.57	0.081376	-145.14	14.682	0.0097067	-0.0031513	-0.0066704
3.572	0.08177	-141.24	14.906	0.0098311	-0.0033742	-0.0066322
3.574	0.082137	-137.28	15.105	0.0099554	-0.0035971	-0.006594
3.576	0.082522	-133.26	15.279	0.01008	-0.00382	-0.0065558
3.578	0.082938	-129.19	15.453	0.010204	-0.0040429	-0.0065176
3.58	0.08337	-125.07	15.578	0.009925	-0.0040308	-0.0059473
3.582	0.083778	-120.91	15.703	0.0096459	-0.0040186	-0.005377
3.584	0.084103	-116.71	15.805	0.0093668	-0.0040064	-0.0048067
3.586	0.084285	-112.48	15.885	0.0090877	-0.0039942	-0.0042364
3.588	0.084272	-108.22	15.964	0.0088085	-0.0039821	-0.0036661
3.59	0.084025	-103.94	16.004	0.0081248	-0.003735	-0.0028993
3.592	0.083534	-99.643	16.044	0.0074411	-0.003488	-0.0021324
3.594	0.082808	-95.332	16.069	0.0067574	-0.0032409	-0.0013655
3.596	0.081877	-91.01	16.078	0.0060737	-0.0029938	-0.00059858
3.598	0.080783	-86.685	16.087	0.00539	-0.0027468	0.00016831
3.6	0.07957	-82.356	16.074	0.0044393	-0.0023818	0.00071716
3.602	0.078282	-78.033	16.06	0.0034887	-0.0020168	0.001266
3.604	0.076947	-73.716	16.038	0.0025381	-0.0016518	0.0018149
3.606	0.075583	-69.41	16.008	0.0015874	-0.0012868	0.0023637
3.608	0.07419	-65.118	15.977	0.00063678	-0.00092186	0.0029126
3.61	0.072755	-60.846	15.933	-0.00026507	-0.00064285	0.0030296
3.612	0.071254	-56.595	15.89	-0.0011669	-0.00036384	0.0031467
3.614	0.069656	-52.37	15.84	-0.0020688	-8.4828e-05	0.0032637
3.616	0.067927	-48.172	15.783	-0.0029706	0.00019418	0.0033808
3.618	0.066036	-44.008	15.727	-0.0038725	0.0004732	0.0034978
3.62	0.063957	-39.877	15.656	-0.0044356	0.00056413	0.0033071
3.622	0.061679	-35.786	15.586	-0.0049988	0.00065507	0.0031164
3.624	0.0592	-31.735	15.507	-0.0055619	0.00074601	0.0029257
3.626	0.056538	-27.729	15.421	-0.0061251	0.00083694	0.0027349
3.628	0.053724	-23.768	15.335	-0.0066882	0.00092788	0.0025442
3.63	0.050802	-19.858	15.232	-0.006864	0.00093641	0.0023536
3.632	0.047826	-15.999	15.129	-0.0070398	0.00094494	0.0021629
3.634	0.044853	-12.194	15.019	-0.0072157	0.00095347	0.0019723
3.636	0.041934	-8.445	14.901	-0.0073915	0.000962	0.0017816
3.638	0.039107	-4.7553	14.783	-0.0075673	0.00097053	0.001591
3.64	0.036391	-1.125	14.652	-0.0074968	0.0010767	0.0015801
3.642	0.033784	2.4423	14.522	-0.0074263	0.0011829	0.0015692
3.644	0.031261	5.9465	14.387	-0.0073558	0.001289	0.0015583
3.646	0.028783	9.3847	14.249	-0.0072853	0.0013952	0.0015475
3.648	0.026302	12.757	14.11	-0.0072147	0.0015013	0.0015366
3.65	0.023772	16.061	13.967	-0.0070199	0.0017418	0.0016243
3.652	0.021162	19.296	13.825	-0.0068251	0.0019823	0.001712
3.654	0.018461	22.461	13.682	-0.0066302	0.0022228	0.0017997
3.656	0.015688	25.557	13.539	-0.0064354	0.0024633	0.0018874
3.658	0.012885	28.581	13.396	-0.0062405	0.0027038	0.0019751
3.66	0.010112	31.534	13.255	-0.0059315	0.0029063	0.0019693
3.662	0.0074386	34.416	13.115	-0.0056225	0.0031088	0.0019634
3.664	0.0049308	37.227	12.977	-0.0053135	0.0033113	0.0019576
3.666	0.0026361	39.967	12.84	-0.0050045	0.0035138	0.0019518
3.668	0.00057667	42.636	12.704	-0.0046954	0.0037163	0.0019459
3.67	-0.0012549	45.236	12.574	-0.0042481	0.0036448	0.0017506
3.672	-0.0028933	47.766	12.443	-0.0038008	0.0035733	0.0015553
3.674	-0.0043925	50.229	12.317	-0.0033534	0.0035018	0.0013599
3.676	-0.0058134	52.624	12.194	-0.0029061	0.0034303	0.0011646
3.678	-0.0072103	54.953	12.07	-0.0024588	0.0033588	0.00096926
3.68	-0.0086194	57.218	11.956	-0.0019272	0.002943	0.00064294
3.682	-0.010052	59.42	11.842	-0.0013956	0.0025271	0.00031662
3.684	-0.011492	61.56	11.733	-0.00086403	0.0021113	-9.7057e-06
3.686	-0.012903	63.641	11.628	-0.00033244	0.0016955	-0.00033603
3.688	-0.014235	65.663	11.524	0.00019915	0.0012796	-0.00066235
3.69	-0.015441	67.63	11.43	0.00068655	0.00072169	-0.00098423
3.692	-0.016486	69.542	11.336	0.0011739	0.00016377	-0.0013061
3.694	-0.017359	71.403	11.247	0.0016613	-0.00039415	-0.001628
3.696	-0.018075	73.213	11.163	0.0021487	-0.00095207	-0.0019498
3.698	-0.018673	74.976	11.078	0.0026361	-0.00151	-0.0022717
3.7	-0.019206	76.692	11	0.003006	-0.0018816	-0.0024751
3.702	-0.019732	78.365	10.921	0.0033758	-0.0022531	-0.0026785
3.704	-0.020297	79.995	10.844	0.0037456	-0.0026247	-0.0028818
3.706	-0.020927	81.586	10.767	0.0041155	-0.0029963	-0.0030852
3.708	-0.021618	83.138	10.691	0.0044853	-0.0033678	-0.0032886
3.71	-0.022341	84.655	10.611	0.0047635	-0.0033858	-0.0033244
3.712	-0.023045	86.136	10.531	0.0050417	-0.0034038	-0.0033603
3.714	-0.023669	87.585	10.448	0.0053199	-0.0034217	-0.0033962
3.716	-0.024156	89.001	10.361	0.0055981	-0.0034397	-0.003432
3.718	-0.024467	90.389	10.274	0.0058763	-0.0034577	-0.0034679
3.72	-0.02459	91.746	10.176	0.0060237	-0.0032573	-0.0033401
3.722	-0.024541	93.077	10.079	0.006171	-0.0030569	-0.0032123
3.724	-0.024365	94.38	9.9756	0.0063183	-0.0028565	-0.0030844
3.726	-0.024124	95.658	9.8667	0.0064656	-0.0026561	-0.0029566
3.728	-0.023884	96.91	9.7578	0.0066129	-0.0024557	-0.0028288
3.73	-0.023702	98.137	9.6383	0.0064306	-0.0023223	-0.0025809
3.732	-0.023613	99.339	9.5189	0.0062484	-0.0021889	-0.002333
3.734	-0.023625	100.52	9.3952	0.0060661	-0.0020555	-0.0020851
3.736	-0.023717	101.67	9.2671	0.0058838	-0.0019221	-0.0018372
3.738	-0.023847	102.8	9.1391	0.0057015	-0.0017887	-0.0015893
3.74	-0.023959	103.9	9.0048	0.0050916	-0.0018758	-0.0013321
3.742	-0.023998	104.98	8.8706	0.0044816	-0.0019629	-0.0010749
3.744	-0.023926	106.03	8.7342	0.0038716	-0.00205	-0.00081766
3.746	-0.023723	107.05	8.5959	0.0032617	-0.0021372	-0.00056045
3.748	-0.023401	108.05	8.4575	0.0026517	-0.0022243	-0.00030324
3.75	-0.022991	109.02	8.3166	0.0019295	-0.0024346	-0.00020532
3.752	-0.022543	109.95	8.1757	0.0012072	-0.0026449	-0.00010739
3.754	-0.02211	110.86	8.0342	0.000485	-0.0028551	-9.47e-06
3.756	-0.021737	111.73	7.8921	-0.00023723	-0.0030654	8.8453e-05
3.758	-0.02145	112.57	7.75	-0.00095946	-0.0032757	0.00018638
3.76	-0.021252	113.38	7.6082	-0.0012509	-0.0034061	3.7564e-05
3.762	-0.02112	114.15	7.4664	-0.0015423	-0.0035364	-0.00011125
3.764	-0.021013	114.88	7.3258	-0.0018337	-0.0036667	-0.00026006
3.766	-0.02088	115.57	7.1862	-0.0021251	-0.0037971	-0.00040887
3.768	-0.020672	116.23	7.0466	-0.0024165	-0.0039274	-0.00055769
3.77	-0.020359	116.84	6.9117	-0.0020819	-0.0038771	-0.00083086
3.772	-0.01993	117.41	6.7769	-0.0017472	-0.0038268	-0.001104
3.774	-0.019402	117.94	6.6459	-0.0014126	-0.0037766	-0.0013772
3.776	-0.018817	118.42	6.5187	-0.0010779	-0.0037263	-0.0016504
3.778	-0.018233	118.86	6.3915	-0.00074329	-0.003676	-0.0019236
3.78	-0.01771	119.25	6.2748	-0.00016056	-0.0034815	-0.0020899
3.782	-0.017304	119.6	6.1581	0.00042216	-0.0032869	-0.0022563
3.784	-0.017047	119.9	6.0478	0.0010049	-0.0030923	-0.0024227
3.786	-0.016947	120.15	5.9439	0.0015876	-0.0028978	-0.0025891
3.788	-0.01698	120.36	5.84	0.0021703	-0.0027032	-0.0027555
3.79	-0.0171	120.52	5.7503	0.0024577	-0.002432	-0.0026941
3.792	-0.01724	120.64	5.6607	0.0027451	-0.0021609	-0.0026327
3.794	-0.017329	120.71	5.5784	0.0030325	-0.0018897	-0.0025713
3.796	-0.017304	120.73	5.5037	0.0033199	-0.0016185	-0.0025099
3.798	-0.017119	120.71	5.429	0.0036072	-0.0013474	-0.0024485
3.8	-0.016755	120.65	5.3694	0.0033779	-0.0010464	-0.0022021
3.802	-0.016222	120.55	5.3098	0.0031485	-0.00074534	-0.0019557
3.804	-0.015556	120.4	5.2578	0.0029192	-0.00044433	-0.0017093
3.806	-0.014814	120.22	5.2135	0.0026898	-0.00014331	-0.001463
3.808	-0.014061	119.99	5.1692	0.0024605	0.00015771	-0.0012166
3.81	-0.013362	119.74	5.1404	0.0018812	0.0004311	-0.00089515
3.812	-0.012773	119.44	5.1115	0.001302	0.00070449	-0.00057369
3.814	-0.01233	119.12	5.0905	0.00072269	0.00097789	-0.00025223
3.816	-0.01205	118.77	5.0774	0.00014343	0.0012513	6.9226e-05
3.818	-0.011926	118.38	5.0643	-0.00043583	0.0015247	0.00039068
3.82	-0.011935	117.98	5.0668	-0.0010476	0.0017078	0.00066997
3.822	-0.012042	117.54	5.0693	-0.0016594	0.0018909	0.00094925
3.824	-0.012205	117.09	5.0792	-0.0022711	0.002074	0.0012285
3.826	-0.012385	116.62	5.0967	-0.0028829	0.0022571	0.0015078
3.828	-0.012547	116.13	5.1141	-0.0034947	0.0024402	0.0017871
3.83	-0.012667	115.63	5.1449	-0.0039023	0.0025228	0.0019311
3.832	-0.012731	115.11	5.1757	-0.0043099	0.0026054	0.0020751
3.834	-0.012734	114.59	5.2121	-0.0047175	0.002688	0.0022191
3.836	-0.012679	114.05	5.2542	-0.0051252	0.0027706	0.0023631
3.838	-0.012575	113.51	5.2962	-0.0055328	0.0028532	0.0025071
3.84	-0.012434	112.97	5.3472	-0.0056848	0.0028821	0.0025209
3.842	-0.012268	112.42	5.3982	-0.0058368	0.0029109	0.0025346
3.844	-0.012088	111.87	5.4529	-0.0059889	0.0029398	0.0025484
3.846	-0.011907	111.33	5.5111	-0.0061409	0.0029686	0.0025622
3.848	-0.011733	110.78	5.5693	-0.0062929	0.0029975	0.0025759
3.85	-0.011575	110.24	5.6341	-0.0062958	0.0030168	0.0025792
3.852	-0.011438	109.71	5.6988	-0.0062987	0.0030361	0.0025825
3.854	-0.011325	109.19	5.767	-0.0063015	0.0030554	0.0025858
3.856	-0.011236	108.67	5.8387	-0.0063044	0.0030747	0.002589
3.858	-0.011171	108.16	5.9104	-0.0063072	0.003094	0.0025923
3.86	-0.011123	107.66	5.99	-0.0063013	0.0031231	0.002702
3.862	-0.011087	107.18	6.0697	-0.0062954	0.0031522	0.0028117
3.864	-0.011057	106.7	6.1537	-0.0062894	0.0031812	0.0029215
3.866	-0.011028	106.24	6.242	-0.0062835	0.0032103	0.0030312
3.868	-0.010997	105.79	6.3304	-0.0062775	0.0032394	0.0031409
3.87	-0.010969	105.36	6.4271	-0.0063038	0.0032995	0.0033475
3.872	-0.010948	104.94	6.5239	-0.0063301	0.0033596	0.0035541
3.874	-0.010947	104.53	6.6237	-0.0063564	0.0034198	0.0037608
3.876	-0.010978	104.14	6.7267	-0.0063826	0.0034799	0.0039674
3.878	-0.011051	103.77	6.8296	-0.0064089	0.00354	0.004174
3.88	-0.011174	103.41	6.9351	-0.0063657	0.0036309	0.0043471
3.882	-0.011346	103.06	7.0405	-0.0063225	0.0037219	0.0045201
3.884	-0.011561	102.74	7.1448	-0.0062792	0.0038128	0.0046932
3.886	-0.011802	102.43	7.248	-0.006236	0.0039038	0.0048663
3.888	-0.012046	102.13	7.3511	-0.0061928	0.0039947	0.0050393
3.89	-0.012267	101.86	7.4476	-0.0059183	0.0040312	0.0050262
3.892	-0.012441	101.6	7.5441	-0.0056439	0.0040677	0.005013
3.894	-0.012548	101.36	7.6358	-0.0053695	0.0041041	0.0049998
3.896	-0.012578	101.13	7.7227	-0.0050951	0.0041406	0.0049867
3.898	-0.012534	100.93	7.8095	-0.0048206	0.0041771	0.0049735
3.9	-0.012427	100.74	7.886	-0.0042448	0.0040292	0.0046984
3.902	-0.012282	100.57	7.9625	-0.0036689	0.0038813	0.0044233
3.904	-0.012127	100.42	8.0346	-0.0030931	0.0037334	0.0041482
3.906	-0.01199	100.29	8.1022	-0.0025173	0.0035855	0.003873
3.908	-0.011898	100.18	8.1699	-0.0019414	0.0034376	0.0035979
3.91	-0.011866	100.09	8.2317	-0.0011972	0.0030835	0.0031294
3.912	-0.011901	100.01	8.2935	-0.00045293	0.0027294	0.0026609
3.914	-0.011995	99.961	8.354	0.00029131	0.0023753	0.0021924
3.916	-0.012132	99.928	8.4132	0.0010355	0.0020212	0.0017239
3.918	-0.012289	99.916	8.4724	0.0017798	0.0016671	0.0012554
3.92	-0.012441	99.924	8.5313	0.0023933	0.0012531	0.00080454
3.922	-0.012563	99.952	8.5902	0.0030068	0.000839	0.00035362
3.924	-0.012636	100	8.6491	0.0036203	0.00042495	-9.7292e-05
3.926	-0.012647	100.07	8.708	0.0042338	1.0892e-05	-0.00054821
3.928	-0.012594	100.16	8.767	0.0048473	-0.00040316	-0.00099912
3.93	-0.01248	100.26	8.8245	0.0050839	-0.00070434	-0.001213
3.932	-0.012314	100.39	8.882	0.0053206	-0.0010055	-0.0014268
3.934	-0.012112	100.53	8.9373	0.0055573	-0.0013067	-0.0016407
3.936	-0.01189	100.69	8.9905	0.0057939	-0.0016079	-0.0018545
3.938	-0.011665	100.87	9.0438	0.0060306	-0.0019091	-0.0020683
3.94	-0.011456	101.06	9.0896	0.0059234	-0.0020709	-0.00201
3.942	-0.011281	101.27	9.1355	0.0058162	-0.0022327	-0.0019516
3.944	-0.011155	101.49	9.1767	0.005709	-0.0023945	-0.0018932
3.946	-0.011093	101.72	9.2132	0.0056019	-0.0025564	-0.0018348
3.948	-0.011107	101.96	9.2497	0.0054947	-0.0027182	-0.0017764
3.95	-0.011199	102.21	9.2766	0.0053191	-0.0028441	-0.0016252
3.952	-0.011367	102.47	9.3034	0.0051435	-0.00297	-0.0014739
3.954	-0.011597	102.73	9.3261	0.0049679	-0.0030959	-0.0013227
3.956	-0.011866	103	9.3448	0.0047923	-0.0032218	-0.0011714
3.958	-0.012142	103.27	9.3635	0.0046166	-0.0033477	-0.0010202
3.96	-0.012389	103.54	9.3772	0.0046035	-0.0034923	-0.00097138
3.962	-0.012574	103.81	9.3908	0.0045904	-0.0036369	-0.00092258
3.964	-0.012671	104.07	9.4037	0.0045773	-0.0037814	-0.00087377
3.966	-0.012665	104.33	9.4159	0.0045641	-0.003926	-0.00082497
3.968	-0.012564	104.58	9.428	0.004551	-0.0040705	-0.00077617
3.97	-0.012391	104.82	9.4418	0.0046731	-0.0041489	-0.00084687
3.972	-0.012186	105.04	9.4555	0.0047952	-0.0042273	-0.00091758
3.974	-0.011997	105.26	9.4711	0.0049172	-0.0043056	-0.00098828
3.976	-0.011874	105.46	9.4883	0.0050393	-0.004384	-0.001059
3.978	-0.011855	105.64	9.5056	0.0051613	-0.0044624	-0.0011297
3.98	-0.011958	105.8	9.5266	0.0051929	-0.0043792	-0.0011868
3.982	-0.012181	105.94	9.5477	0.0052245	-0.0042961	-0.0012438
3.984	-0.012494	106.06	9.5701	0.005256	-0.004213	-0.0013009
3.986	-0.012847	106.16	9.5938	0.0052876	-0.0041299	-0.001358
3.988	-0.013181	106.24	9.6175	0.0053191	-0.0040467	-0.0014151
3.99	-0.013438	106.29	9.6417	0.0050483	-0.003845	-0.0013438
3.992	-0.013578	106.31	9.6659	0.0047775	-0.0036433	-0.0012724
3.994	-0.013582	106.31	9.6891	0.0045067	-0.0034416	-0.0012011
3.996	-0.01346	106.28	9.7112	0.0042359	-0.0032399	-0.0011298
3.998	-0.013254	106.23	9.7333	0.0039652	-0.0030382	-0.0010585
4	-0.013022	106.15	9.7508	0.0033741	-0.0028305	-0.00086283
4.002	-0.012829	106.04	9.7684	0.0027831	-0.0026229	-0.00066714
4.004	-0.012733	105.91	9.7826	0.0021921	-0.0024152	-0.00047145
4.006	-0.01277	105.75	9.7936	0.0016011	-0.0022076	-0.00027575
4.008	-0.012944	105.57	9.8046	0.0010101	-0.0019999	-8.0061e-05
4.01	-0.013227	105.36	9.8076	0.00033059	-0.0018032	0.00013864
4.012	-0.013562	105.13	9.8107	-0.00034889	-0.0016066	0.00035735
4.014	-0.01388	104.88	9.8094	-0.0010284	-0.0014099	0.00057605
4.016	-0.014109	104.6	9.8037	-0.0017079	-0.0012132	0.00079476
4.018	-0.014198	104.31	9.7981	-0.0023874	-0.0010166	0.0010135
4.02	-0.014126	103.99	9.7834	-0.0028202	-0.00077061	0.001133
4.022	-0.013907	103.66	9.7688	-0.003253	-0.00052467	0.0012525
4.024	-0.013592	103.32	9.7497	-0.0036858	-0.00027872	0.0013721
4.026	-0.013255	102.95	9.7263	-0.0041186	-3.2778e-05	0.0014916
4.028	-0.012976	102.58	9.7028	-0.0045514	0.00021317	0.0016111
4.03	-0.012826	102.19	9.6711	-0.004593	0.0004895	0.0015815
4.032	-0.012844	101.79	9.6393	-0.0046346	0.00076584	0.001552
4.034	-0.013033	101.37	9.6038	-0.0046762	0.0010422	0.0015224
4.036	-0.013353	100.95	9.5646	-0.0047178	0.0013185	0.0014928
4.038	-0.013733	100.52	9.5254	-0.0047595	0.0015948	0.0014632
4.04	-0.014084	100.08	9.4798	-0.0045988	0.0017983	0.0013746
4.042	-0.014322	99.628	9.4341	-0.0044381	0.0020018	0.0012859
4.044	-0.014384	99.171	9.3859	-0.0042774	0.0022053	0.0011972
4.046	-0.014246	98.707	9.3352	-0.0041166	0.0024088	0.0011085
4.048	-0.01393	98.235	9.2844	-0.0039559	0.0026123	0.0010199
4.05	-0.013493	97.755	9.2299	-0.0039097	0.0027115	0.0010524
4.052	-0.013021	97.268	9.1753	-0.0038635	0.0028106	0.001085
4.054	-0.012604	96.773	9.1195	-0.0038172	0.0029098	0.0011176
4.056	-0.012314	96.27	9.0624	-0.003771	0.0030089	0.0011502
4.058	-0.01219	95.757	9.0053	-0.0037247	0.0031081	0.0011827
4.06	-0.012228	95.234	8.9469	-0.0038978	0.0031784	0.0014129
4.062	-0.012377	94.701	8.8884	-0.0040709	0.0032487	0.0016432
4.064	-0.012558	94.157	8.8297	-0.0042439	0.0033191	0.0018734
4.066	-0.012677	93.599	8.7707	-0.004417	0.0033894	0.0021036
4.068	-0.012652	93.028	8.7117	-0.00459	0.0034597	0.0023338
4.07	-0.012429	92.442	8.6526	-0.0047606	0.0035347	0.0025748
4.072	-0.012002	91.841	8.5935	-0.0049312	0.0036097	0.0028159
4.074	-0.011407	91.222	8.5344	-0.0051018	0.0036847	0.0030569
4.076	-0.010721	90.585	8.4753	-0.0052724	0.0037597	0.0032979
4.078	-0.010039	89.929	8.4161	-0.0054429	0.0038347	0.0035389
4.08	-0.0094511	89.253	8.3566	-0.0052852	0.0038284	0.0034746
4.082	-0.0090248	88.555	8.297	-0.0051275	0.003822	0.0034104
4.084	-0.0087849	87.835	8.2368	-0.0049698	0.0038157	0.0033461
4.086	-0.0087093	87.092	8.176	-0.0048121	0.0038093	0.0032818
4.088	-0.0087353	86.325	8.1153	-0.0046544	0.003803	0.0032175
4.09	-0.0087757	85.534	8.0524	-0.0040887	0.0036298	0.00276
4.092	-0.0087406	84.719	7.9896	-0.0035229	0.0034567	0.0023026
4.094	-0.0085603	83.878	7.9253	-0.0029571	0.0032835	0.0018451
4.096	-0.0082018	83.012	7.8596	-0.0023913	0.0031104	0.0013876
4.098	-0.0076759	82.121	7.7938	-0.0018255	0.0029372	0.00093015
4.1	-0.0070325	81.204	7.7249	-0.0011409	0.0026398	0.00035711
4.102	-0.0063454	80.264	7.6559	-0.00045623	0.0023424	-0.00021594
4.104	-0.00569	79.299	7.5854	0.00022839	0.002045	-0.00078899
4.106	-0.005121	78.31	7.5134	0.00091302	0.0017476	-0.001362
4.108	-0.0046559	77.299	7.4414	0.0015976	0.0014502	-0.0019351
4.11	-0.0042681	76.266	7.3674	0.0020049	0.0011527	-0.0022718
4.112	-0.003893	75.211	7.2934	0.0024121	0.00085518	-0.0026085
4.114	-0.0034457	74.138	7.2191	0.0028194	0.00055766	-0.0029452
4.116	-0.0028453	73.045	7.1445	0.0032266	0.00026015	-0.0032819
4.118	-0.0020395	71.936	7.0699	0.0036339	-3.7369e-05	-0.0036186
4.12	-0.0010237	70.81	6.9963	0.0036335	-0.00026169	-0.0036352
4.122	0.00015309	69.67	6.9228	0.0036332	-0.000486	-0.0036518
4.124	0.0013966	68.516	6.8505	0.0036329	-0.00071032	-0.0036683
4.126	0.0025892	67.351	6.7794	0.0036326	-0.00093464	-0.0036849
4.128	0.0036204	66.175	6.7082	0.0036323	-0.001159	-0.0037015
4.13	0.0044184	64.991	6.6401	0.0034227	-0.0013067	-0.0035636
4.132	0.0049744	63.798	6.5719	0.0032132	-0.0014545	-0.0034256
4.134	0.0053526	62.599	6.505	0.0030036	-0.0016022	-0.0032877
4.136	0.0056803	61.394	6.4393	0.002794	-0.0017499	-0.0031498
4.138	0.0061225	60.184	6.3737	0.0025845	-0.0018977	-0.0030119
4.14	0.0068427	58.971	6.3092	0.0024255	-0.0019428	-0.0028798
4.142	0.0079603	57.755	6.2447	0.0022665	-0.0019879	-0.0027478
4.144	0.0095145	56.536	6.1798	0.0021075	-0.002033	-0.0026157
4.146	0.011446	55.315	6.1147	0.0019485	-0.0020781	-0.0024836
4.148	0.013598	54.093	6.0495	0.0017895	-0.0021232	-0.0023516
4.15	0.015747	52.869	5.9819	0.0017757	-0.0020118	-0.0022666
4.152	0.017643	51.643	5.9143	0.0017619	-0.0019005	-0.0021816
4.154	0.019068	50.416	5.845	0.0017481	-0.0017892	-0.0020967
4.156	0.019882	49.186	5.774	0.0017342	-0.0016778	-0.0020117
4.158	0.020064	47.953	5.703	0.0017204	-0.0015665	-0.0019267
4.16	0.01972	46.718	5.6286	0.0017996	-0.0013509	-0.0018962
4.162	0.019064	45.478	5.5541	0.0018787	-0.0011352	-0.0018656
4.164	0.018375	44.234	5.4785	0.0019579	-0.00091962	-0.0018351
4.166	0.017938	42.984	5.4017	0.0020371	-0.000704	-0.0018045
4.168	0.017976	41.728	5.325	0.0021162	-0.00048837	-0.001774
4.17	0.018602	40.463	5.2474	0.0022093	-0.00037123	-0.0018283
4.172	0.019786	39.19	5.1698	0.0023023	-0.00025409	-0.0018825
4.174	0.021361	37.907	5.0927	0.0023953	-0.00013695	-0.0019368
4.176	0.023055	36.614	5.0159	0.0024884	-1.9807e-05	-0.0019911
4.178	0.024549	35.308	4.9391	0.0025814	9.7334e-05	-0.0020454
4.18	0.025549	33.989	4.864	0.0026502	-4.5005e-05	-0.0021776
4.182	0.025849	32.657	4.7889	0.002719	-0.00018734	-0.0023098
4.184	0.02538	31.31	4.7146	0.0027878	-0.00032968	-0.002442
4.186	0.024222	29.947	4.6412	0.0028566	-0.00047202	-0.0025742
4.188	0.022588	28.569	4.5677	0.0029254	-0.00061436	-0.0027064
4.19	0.020771	27.173	4.4949	0.0029923	-0.00092546	-0.0028328
4.192	0.019078	25.761	4.422	0.0030591	-0.0012366	-0.0029591
4.194	0.017754	24.333	4.3488	0.003126	-0.0015477	-0.0030855
4.196	0.016929	22.887	4.2752	0.0031929	-0.0018588	-0.0032119
4.198	0.016582	21.424	4.2016	0.0032598	-0.0021699	-0.0033383
4.2	0.016549	19.944	4.126	0.0033802	-0.0023829	-0.0033651
4.202	0.016561	18.449	4.0503	0.0035006	-0.0025959	-0.0033918
4.204	0.016307	16.938	3.9734	0.003621	-0.0028089	-0.0034186
4.206	0.015511	15.413	3.8953	0.0037414	-0.003022	-0.0034454
4.208	0.013996	13.873	3.8171	0.0038617	-0.003235	-0.0034722
4.21	0.011731	12.322	3.7371	0.0040204	-0.0031945	-0.0033788
4.212	0.008842	10.759	3.657	0.004179	-0.003154	-0.0032855
4.214	0.0055851	9.1866	3.5768	0.0043376	-0.0031135	-0.0031921
4.216	0.0022932	7.6053	3.4963	0.0044962	-0.003073	-0.0030987
4.218	-0.00069629	6.0179	3.4158	0.0046549	-0.0030325	-0.0030054
4.22	-0.0031138	4.4246	3.337	0.0046977	-0.0028229	-0.0028573
4.222	-0.0048117	2.8286	3.2581	0.0047405	-0.0026132	-0.0027092
4.224	-0.0057889	1.23	3.181	0.0047833	-0.0024035	-0.0025611
4.226	-0.0061825	-0.36771	3.1057	0.0048261	-0.0021938	-0.002413
4.228	-0.0062259	-1.9646	3.0303	0.0048689	-0.0019841	-0.0022649
4.23	-0.0061873	-3.5573	2.9598	0.0046535	-0.0017713	-0.0021658
4.232	-0.0063038	-5.1457	2.8892	0.0044382	-0.0015584	-0.0020667
4.234	-0.0067261	-6.7269	2.8212	0.0042229	-0.0013456	-0.0019676
4.236	-0.0074891	-8.3007	2.7559	0.0040076	-0.0011327	-0.0018685
4.238	-0.0085143	-9.8644	2.6905	0.0037922	-0.0009199	-0.0017694
4.24	-0.0096429	-11.418	2.6302	0.0034373	-0.00078429	-0.0017846
4.242	-0.010688	-12.959	2.5699	0.0030823	-0.00064869	-0.0017998
4.244	-0.011493	-14.488	2.5118	0.0027273	-0.00051308	-0.0018149
4.246	-0.01198	-16.003	2.4559	0.0023724	-0.00037747	-0.0018301
4.248	-0.012172	-17.504	2.4	0.0020174	-0.00024186	-0.0018453
4.25	-0.012188	-18.99	2.3482	0.0018492	-0.00019364	-0.0019419
4.252	-0.012205	-20.461	2.2964	0.0016809	-0.00014541	-0.0020385
4.254	-0.012399	-21.916	2.2465	0.0015126	-9.7182e-05	-0.0021351
4.256	-0.012889	-23.356	2.1986	0.0013444	-4.8956e-05	-0.0022317
4.258	-0.013689	-24.781	2.1507	0.0011761	-7.2962e-07	-0.0023283
4.26	-0.014689	-26.19	2.1069	0.0013442	-2.5189e-05	-0.0023969
4.262	-0.015677	-27.585	2.063	0.0015123	-4.9648e-05	-0.0024656
4.264	-0.016386	-28.965	2.0212	0.0016805	-7.4107e-05	-0.0025342
4.266	-0.016578	-30.332	1.9813	0.0018486	-9.8566e-05	-0.0026029
4.268	-0.016111	-31.686	1.9414	0.0020167	-0.00012303	-0.0026715
4.27	-0.01501	-33.028	1.9047	0.0023083	-0.00016591	-0.002622
4.272	-0.013481	-34.357	1.8681	0.0026	-0.00020879	-0.0025724
4.274	-0.011891	-35.677	1.8322	0.0028916	-0.00025168	-0.0025229
4.276	-0.01069	-36.987	1.7971	0.0031833	-0.00029456	-0.0024734
4.278	-0.010307	-38.288	1.7619	0.0034749	-0.00033744	-0.0024238
4.28	-0.011028	-39.581	1.7254	0.0036113	-0.0003701	-0.0022677
4.282	-0.012896	-40.868	1.689	0.0037477	-0.00040277	-0.0021115
4.284	-0.015653	-42.148	1.6501	0.0038841	-0.00043543	-0.0019553
4.286	-0.01875	-43.423	1.6088	0.0040205	-0.00046809	-0.0017992
4.288	-0.021425	-44.693	1.5675	0.0041569	-0.00050075	-0.001643
4.29	-0.022843	-45.959	1.518	0.0041317	-0.00061594	-0.0014831
4.292	-0.022279	-47.222	1.4685	0.0041066	-0.00073112	-0.0013232
4.294	-0.01929	-48.482	1.4137	0.0040815	-0.0008463	-0.0011633
4.296	-0.01386	-49.739	1.3535	0.0040563	-0.00096149	-0.0010034
4.298	-0.0064701	-50.995	1.2933	0.0040312	-0.0010767	-0.00084345
4.3	0.0019264	-52.248	1.2215	0.0040123	-0.0013619	-0.00075477
4.302	0.010022	-53.5	1.1498	0.0039934	-0.0016471	-0.00066609
4.304	0.016357	-54.751	1.0729	0.0039745	-0.0019323	-0.00057742
4.306	0.019561	-56	0.99075	0.0039556	-0.0022174	-0.00048874
4.308	0.018606	-57.247	0.90861	0.0039367	-0.0025026	-0.00040007
4.31	0.013005	-58.493	0.81903	0.0039197	-0.0027885	-0.00031658
4.312	0.0029276	-59.737	0.72944	0.0039028	-0.0030743	-0.0002331
4.314	-0.010795	-60.979	0.63824	0.0038858	-0.0033601	-0.00014961
4.316	-0.026778	-62.219	0.54544	0.0038688	-0.0036459	-6.6129e-05
4.318	-0.043288	-63.456	0.45264	0.0038519	-0.0039318	1.7356e-05
4.32	-0.058514	-64.692	0.36134	0.0036136	-0.0038602	0.00022809
4.322	-0.070838	-65.925	0.27004	0.0033754	-0.0037887	0.00043883
4.324	-0.079086	-67.155	0.18169	0.0031371	-0.0037172	0.00064957
4.326	-0.08268	-68.383	0.096298	0.0028989	-0.0036456	0.00086031
4.328	-0.081701	-69.609	0.010904	0.0026606	-0.0035741	0.001071
4.33	-0.07683	-70.832	-0.065168	0.00211	-0.0030402	0.0013907
4.332	-0.069196	-72.053	-0.14124	0.0015593	-0.0025062	0.0017104
4.334	-0.06016	-73.273	-0.21164	0.0010087	-0.0019723	0.0020301
4.336	-0.051075	-74.491	-0.27638	0.00045805	-0.0014383	0.0023498
4.338	-0.043072	-75.709	-0.34111	-9.26e-05	-0.00090441	0.0026694
4.34	-0.036905	-76.927	-0.39405	-0.00068246	-0.00028835	0.0028794
4.342	-0.032878	-78.146	-0.44699	-0.0012723	0.00032771	0.0030893
4.344	-0.030864	-79.367	-0.49455	-0.0018622	0.00094377	0.0032993
4.346	-0.030398	-80.591	-0.53673	-0.002452	0.0015598	0.0035092
4.348	-0.030821	-81.818	-0.57892	-0.0030419	0.0021759	0.0037192
4.35	-0.031446	-83.051	-0.61267	-0.0032924	0.0023917	0.0036405
4.352	-0.0317	-84.29	-0.64642	-0.0035428	0.0026074	0.0035619
4.354	-0.031226	-85.538	-0.67757	-0.0037933	0.0028232	0.0034832
4.356	-0.029926	-86.793	-0.70611	-0.0040438	0.003039	0.0034046
4.358	-0.027946	-88.06	-0.73465	-0.0042943	0.0032547	0.003326
4.36	-0.025601	-89.338	-0.76157	-0.0041323	0.0030322	0.0030548
4.362	-0.023283	-90.63	-0.7885	-0.0039704	0.0028096	0.0027835
4.364	-0.02136	-91.935	-0.81631	-0.0038085	0.002587	0.0025123
4.366	-0.020086	-93.256	-0.84499	-0.0036466	0.0023644	0.0022411
4.368	-0.019563	-94.594	-0.87367	-0.0034847	0.0021419	0.0019699
4.37	-0.019724	-95.949	-0.9066	-0.0031968	0.0018853	0.0018006
4.372	-0.020371	-97.323	-0.93952	-0.0029089	0.0016288	0.0016312
4.374	-0.021234	-98.716	-0.97514	-0.002621	0.0013723	0.0014619
4.376	-0.022034	-100.13	-1.0134	-0.0023331	0.0011158	0.0012925
4.378	-0.022555	-101.56	-1.0517	-0.0020452	0.00085923	0.0011231
4.38	-0.022678	-103.01	-1.095	-0.0019888	0.00091942	0.0012521
4.382	-0.022397	-104.48	-1.1382	-0.0019325	0.00097961	0.0013811
4.384	-0.021806	-105.97	-1.1832	-0.0018761	0.0010398	0.0015101
4.386	-0.021063	-107.48	-1.2297	-0.0018197	0.0011	0.0016391
4.388	-0.020339	-109.01	-1.2763	-0.0017634	0.0011602	0.0017681
4.39	-0.019775	-110.55	-1.3241	-0.0020779	0.0015157	0.0021165
4.392	-0.019448	-112.1	-1.3719	-0.0023925	0.0018711	0.0024649
4.394	-0.01936	-113.67	-1.4195	-0.0027071	0.0022266	0.0028132
4.396	-0.019443	-115.26	-1.4669	-0.0030217	0.002582	0.0031616
4.398	-0.019586	-116.85	-1.5144	-0.0033363	0.0029375	0.0035099
4.4	-0.019666	-118.44	-1.5615	-0.0038477	0.0033335	0.0038169
4.402	-0.019585	-120.05	-1.6086	-0.0043592	0.0037296	0.0041238
4.404	-0.019293	-121.65	-1.6566	-0.0048707	0.0041256	0.0044307
4.406	-0.018801	-123.26	-1.7056	-0.0053822	0.0045217	0.0047377
4.408	-0.018171	-124.86	-1.7546	-0.0058936	0.0049177	0.0050446
4.41	-0.017501	-126.45	-1.8095	-0.0062191	0.0051081	0.0050794
4.412	-0.016897	-128.04	-1.8644	-0.0065445	0.0052985	0.0051142
4.414	-0.016446	-129.61	-1.9249	-0.0068699	0.005489	0.005149
4.416	-0.016194	-131.18	-1.991	-0.0071953	0.0056794	0.0051838
4.418	-0.016138	-132.72	-2.0571	-0.0075207	0.0058698	0.0052186
4.42	-0.01623	-134.25	-2.1391	-0.0073111	0.0056928	0.0049249
4.422	-0.016391	-135.76	-2.221	-0.0071015	0.0055158	0.0046312
4.424	-0.016533	-137.25	-2.3122	-0.0068918	0.0053389	0.0043375
4.426	-0.016579	-138.71	-2.4126	-0.0066822	0.0051619	0.0040437
4.428	-0.016485	-140.15	-2.513	-0.0064726	0.0049849	0.00375
4.43	-0.016245	-141.56	-2.631	-0.0056873	0.0044236	0.0032705
4.432	-0.015889	-142.94	-2.7491	-0.004902	0.0038624	0.002791
4.434	-0.015475	-144.3	-2.8738	-0.0041168	0.0033011	0.0023115
4.436	-0.015065	-145.64	-3.0051	-0.0033315	0.0027398	0.001832
4.438	-0.014715	-146.94	-3.1363	-0.0025462	0.0021785	0.0013525
4.44	-0.014454	-148.23	-3.2732	-0.0015772	0.0014851	0.00093012
4.442	-0.014279	-149.48	-3.4101	-0.0006082	0.00079171	0.00050772
4.444	-0.014157	-150.72	-3.5451	0.00036082	9.8294e-05	8.5327e-05
4.446	-0.014035	-151.94	-3.6783	0.0013298	-0.00059512	-0.00033707
4.448	-0.013854	-153.14	-3.8115	0.0022989	-0.0012885	-0.00075946
4.45	-0.013564	-154.32	-3.9317	0.0028389	-0.0016706	-0.00095283
4.452	-0.013139	-155.49	-4.0519	0.003379	-0.0020527	-0.0011462
4.454	-0.012581	-156.66	-4.1616	0.0039191	-0.0024348	-0.0013396
4.456	-0.011923	-157.82	-4.2609	0.0044592	-0.0028169	-0.0015329
4.458	-0.011215	-158.97	-4.3602	0.0049993	-0.003199	-0.0017263
4.46	-0.010514	-160.13	-4.433	0.0047458	-0.0030204	-0.0016833
4.462	-0.0098687	-161.29	-4.5058	0.0044924	-0.0028418	-0.0016403
4.464	-0.0093079	-162.46	-4.5635	0.0042389	-0.0026633	-0.0015973
4.466	-0.0088308	-163.65	-4.6061	0.0039854	-0.0024847	-0.0015544
4.468	-0.0084088	-164.85	-4.6488	0.0037319	-0.0023061	-0.0015114
4.47	-0.0079907	-166.07	-4.6588	0.0028742	-0.0017887	-0.001334
4.472	-0.0075145	-167.31	-4.6687	0.0020165	-0.0012713	-0.0011566
4.474	-0.0069215	-168.57	-4.6612	0.0011587	-0.00075385	-0.00097927
4.476	-0.0061691	-169.86	-4.6361	0.000301	-0.00023642	-0.00080191
4.478	-0.005239	-171.18	-4.6111	-0.00055674	0.000281	-0.00062454
4.48	-0.0041412	-172.53	-4.5477	-0.0014701	0.00066258	-0.0004137
4.482	-0.0029116	-173.91	-4.4844	-0.0023835	0.0010442	-0.00020286
4.484	-0.0016035	-175.32	-4.3997	-0.0032969	0.0014257	7.981e-06
4.486	-0.00027664	-176.77	-4.2939	-0.0042103	0.0018073	0.00021882
4.488	0.0010153	-178.24	-4.188	-0.0051237	0.0021889	0.00042966
4.49	0.0022336	-179.73	-4.035	-0.0056868	0.0021686	0.00063417
4.492	0.0033613	-181.26	-3.8819	-0.00625	0.0021483	0.00083867
4.494	0.0044052	-182.8	-3.7032	-0.0068132	0.0021281	0.0010432
4.496	0.0053925	-184.37	-3.499	-0.0073763	0.0021078	0.0012477
4.498	0.0063641	-185.94	-3.2948	-0.0079395	0.0020875	0.0014522
4.5	0.0073663	-187.53	-3.0372	-0.0081532	0.0017903	0.0016495
4.502	0.0084422	-189.12	-2.7796	-0.008367	0.001493	0.0018469
4.504	0.0096242	-190.7	-2.4956	-0.0085807	0.0011958	0.0020442
4.506	0.010929	-192.28	-2.1852	-0.0087945	0.00089859	0.0022415
4.508	0.012356	-193.83	-1.8747	-0.0090082	0.00060137	0.0024389
4.51	0.013887	-195.36	-1.5148	-0.0090701	0.00035577	0.0026119
4.512	0.015493	-196.86	-1.1549	-0.009132	0.00011017	0.0027848
4.514	0.017135	-198.3	-0.77305	-0.0091939	-0.00013542	0.0029578
4.516	0.018772	-199.7	-0.36922	-0.0092557	-0.00038102	0.0031308
4.518	0.020365	-201.03	0.034609	-0.0093176	-0.00062662	0.0033038
4.52	0.021887	-202.3	0.47548	-0.0092805	-0.00056753	0.0034201
4.522	0.023319	-203.47	0.91635	-0.0092435	-0.00050844	0.0035364
4.524	0.024659	-204.56	1.3722	-0.0092064	-0.00044935	0.0036528
4.526	0.025922	-205.54	1.8429	-0.0091693	-0.00039026	0.0037691
4.528	0.027136	-206.41	2.3136	-0.0091323	-0.00033117	0.0038854
4.53	0.02834	-207.16	2.8072	-0.0088499	1.2905e-05	0.003914
4.532	0.029581	-207.78	3.3009	-0.0085676	0.00035698	0.0039426
4.534	0.030905	-208.26	3.8027	-0.0082853	0.00070105	0.0039712
4.536	0.032352	-208.59	4.3126	-0.008003	0.0010451	0.0039997
4.538	0.033947	-208.77	4.8226	-0.0077207	0.0013892	0.0040283
4.54	0.035697	-208.78	5.3421	-0.0070802	0.0016909	0.0038751
4.542	0.037588	-208.63	5.8616	-0.0064396	0.0019925	0.0037219
4.544	0.039588	-208.3	6.3822	-0.0057991	0.0022942	0.0035688
4.546	0.041649	-207.8	6.9038	-0.0051586	0.0025959	0.0034156
4.548	0.043714	-207.11	7.4255	-0.0045181	0.0028975	0.0032624
4.55	0.045729	-206.23	7.9408	-0.0036551	0.0027843	0.0027741
4.552	0.04765	-205.17	8.4562	-0.0027922	0.0026711	0.0022858
4.554	0.049448	-203.91	8.9638	-0.0019292	0.0025579	0.0017976
4.556	0.051116	-202.47	9.4637	-0.0010663	0.0024447	0.0013093
4.558	0.052666	-200.83	9.9636	-0.00020336	0.0023315	0.00082101
4.56	0.054126	-199.01	10.439	0.00055837	0.0017967	1.6459e-05
4.562	0.055532	-197	10.914	0.0013201	0.0012618	-0.00078809
4.564	0.056921	-194.8	11.373	0.0020818	0.00072702	-0.0015926
4.566	0.058319	-192.42	11.815	0.0028436	0.0001922	-0.0023972
4.568	0.05974	-189.87	12.257	0.0036053	-0.00034263	-0.0032017
4.57	0.061184	-187.15	12.661	0.0040441	-0.00089709	-0.0039543
4.572	0.062636	-184.26	13.064	0.0044828	-0.0014516	-0.0047069
4.574	0.064076	-181.21	13.447	0.0049216	-0.002006	-0.0054595
4.576	0.065481	-178.02	13.808	0.0053604	-0.0025605	-0.0062121
4.578	0.066839	-174.68	14.169	0.0057991	-0.0031149	-0.0069646
4.58	0.068148	-171.21	14.487	0.00596	-0.0033315	-0.0072021
4.582	0.069419	-167.61	14.806	0.0061209	-0.0035481	-0.0074396
4.584	0.07067	-163.89	15.103	0.0062817	-0.0037647	-0.0076771
4.586	0.071925	-160.07	15.379	0.0064426	-0.0039812	-0.0079146
4.588	0.073197	-156.14	15.655	0.0066034	-0.0041978	-0.0081521
4.59	0.074485	-152.13	15.891	0.0066452	-0.0041202	-0.0077975
4.592	0.075768	-148.04	16.127	0.006687	-0.0040425	-0.007443
4.594	0.077003	-143.87	16.343	0.0067288	-0.0039649	-0.0070884
4.596	0.078129	-139.65	16.54	0.0067706	-0.0038872	-0.0067338
4.598	0.07908	-135.37	16.736	0.0068124	-0.0038096	-0.0063792
4.6	0.079796	-131.04	16.894	0.0067986	-0.0036931	-0.0058377
4.602	0.080237	-126.69	17.052	0.0067847	-0.0035766	-0.0052962
4.604	0.080393	-122.3	17.19	0.0067709	-0.0034601	-0.0047547
4.606	0.080288	-117.9	17.309	0.0067571	-0.0033436	-0.0042132
4.608	0.079979	-113.48	17.428	0.0067432	-0.0032271	-0.0036717
4.61	0.079544	-109.06	17.507	0.0066241	-0.0031441	-0.0033613
4.612	0.07907	-104.63	17.586	0.006505	-0.0030611	-0.003051
4.614	0.078629	-100.22	17.645	0.0063859	-0.0029781	-0.0027406
4.616	0.078269	-95.818	17.684	0.0062667	-0.0028951	-0.0024303
4.618	0.077998	-91.434	17.722	0.0061476	-0.0028121	-0.0021199
4.62	0.077781	-87.069	17.722	0.0058307	-0.0026123	-0.0020079
4.622	0.077546	-82.732	17.722	0.0055137	-0.0024125	-0.0018959
4.624	0.077194	-78.422	17.704	0.0051968	-0.0022127	-0.0017839
4.626	0.076622	-74.145	17.667	0.0048798	-0.0020129	-0.0016719
4.628	0.075744	-69.902	17.631	0.0045629	-0.0018132	-0.0015599
4.63	0.074503	-65.696	17.562	0.0039815	-0.0014387	-0.0013168
4.632	0.072888	-61.528	17.492	0.0034001	-0.0010642	-0.0010738
4.634	0.070934	-57.4	17.409	0.0028187	-0.00068969	-0.00083071
4.636	0.068719	-53.312	17.311	0.0022374	-0.0003152	-0.00058764
4.638	0.06634	-49.266	17.214	0.001656	5.9285e-05	-0.00034457
4.64	0.063905	-45.261	17.092	0.00088395	0.00039062	0.00010228
4.642	0.061502	-41.298	16.97	0.00011191	0.00072195	0.00054914
4.644	0.059188	-37.378	16.838	-0.00066013	0.0010533	0.00099599
4.646	0.056982	-33.499	16.694	-0.0014322	0.0013846	0.0014428
4.648	0.054856	-29.663	16.551	-0.0022042	0.0017159	0.0018897
4.65	0.052752	-25.868	16.389	-0.0029027	0.0017441	0.0022018
4.652	0.050595	-22.114	16.227	-0.0036012	0.0017723	0.0025139
4.654	0.048311	-18.402	16.056	-0.0042997	0.0018005	0.0028261
4.656	0.045845	-14.731	15.876	-0.0049983	0.0018287	0.0031382
4.658	0.043174	-11.1	15.697	-0.0056968	0.0018569	0.0034503
4.66	0.040316	-7.5098	15.502	-0.0060234	0.0016272	0.0033443
4.662	0.037319	-3.9603	15.307	-0.00635	0.0013975	0.0032383
4.664	0.034258	-0.45143	15.105	-0.0066766	0.0011678	0.0031323
4.666	0.031216	3.0165	14.896	-0.0070032	0.00093803	0.0030263
4.668	0.028266	6.4434	14.688	-0.0073298	0.00070831	0.0029203
4.67	0.025458	9.8285	14.47	-0.0071868	0.00055562	0.002576
4.672	0.022811	13.172	14.251	-0.0070439	0.00040294	0.0022317
4.674	0.020311	16.472	14.031	-0.0069009	0.00025026	0.0018874
4.676	0.017919	19.729	13.807	-0.0067579	9.7572e-05	0.0015431
4.678	0.015582	22.941	13.584	-0.0066149	-5.5111e-05	0.0011988
4.68	0.01325	26.108	13.36	-0.0061881	0.00012299	0.0010345
4.682	0.010888	29.228	13.136	-0.0057613	0.0003011	0.00087022
4.684	0.0084852	32.302	12.914	-0.0053345	0.00047921	0.00070596
4.686	0.0060613	35.326	12.695	-0.0049076	0.00065731	0.00054169
4.688	0.0036593	38.301	12.476	-0.0044808	0.00083542	0.00037742
4.69	0.0013368	41.225	12.265	-0.0041015	0.0012489	0.00051787
4.692	-0.00084796	44.098	12.054	-0.0037222	0.0016624	0.00065832
4.694	-0.0028495	46.917	11.849	-0.003343	0.0020759	0.00079878
4.696	-0.004646	49.683	11.65	-0.0029637	0.0024895	0.00093923
4.698	-0.006244	52.394	11.45	-0.0025844	0.002903	0.0010797
4.7	-0.007677	55.05	11.263	-0.0024616	0.0032236	0.0012284
4.702	-0.0089972	57.651	11.077	-0.0023389	0.0035442	0.0013772
4.704	-0.010263	60.195	10.897	-0.0022162	0.0038649	0.0015259
4.706	-0.011524	62.682	10.723	-0.0020934	0.0041855	0.0016747
4.708	-0.012812	65.113	10.549	-0.0019707	0.0045061	0.0018234
4.71	-0.014132	67.488	10.388	-0.0019977	0.0044755	0.0016654
4.712	-0.015462	69.806	10.226	-0.0020246	0.004445	0.0015073
4.714	-0.016758	72.069	10.07	-0.0020516	0.0044144	0.0013492
4.716	-0.017967	74.276	9.9189	-0.0020785	0.0043838	0.0011911
4.718	-0.019039	76.429	9.7679	-0.0021055	0.0043532	0.0010331
4.72	-0.01994	78.528	9.6248	-0.0019612	0.0039536	0.00062023
4.722	-0.02066	80.576	9.4817	-0.0018169	0.003554	0.00020739
4.724	-0.021219	82.572	9.3409	-0.0016726	0.0031543	-0.00020545
4.726	-0.021658	84.519	9.2025	-0.0015282	0.0027547	-0.00061829
4.728	-0.022033	86.418	9.064	-0.0013839	0.002355	-0.0010311
4.73	-0.022402	88.27	8.9264	-0.00087988	0.0017756	-0.0013593
4.732	-0.022812	90.077	8.7887	-0.00037585	0.0011962	-0.0016874
4.734	-0.023288	91.842	8.6494	0.00012818	0.00061677	-0.0020155
4.736	-0.023825	93.564	8.5083	0.00063221	3.7354e-05	-0.0023436
4.738	-0.024394	95.247	8.3672	0.0011362	-0.00054206	-0.0026718
4.74	-0.024947	96.89	8.2187	0.0018461	-0.0010566	-0.0026788
4.742	-0.025428	98.498	8.0703	0.002556	-0.0015711	-0.0026858
4.744	-0.025786	100.07	7.9166	0.0032658	-0.0020856	-0.0026928
4.746	-0.025991	101.61	7.7577	0.0039757	-0.0026001	-0.0026997
4.748	-0.026038	103.11	7.5988	0.0046855	-0.0031146	-0.0027067
4.75	-0.025947	104.58	7.4281	0.0052656	-0.0034387	-0.0024895
4.752	-0.025763	106.02	7.2574	0.0058456	-0.0037628	-0.0022722
4.754	-0.025542	107.43	7.081	0.0064256	-0.0040868	-0.0020549
4.756	-0.025337	108.81	6.8989	0.0070057	-0.0044109	-0.0018376
4.758	-0.02519	110.16	6.7168	0.0075857	-0.004735	-0.0016204
4.76	-0.025116	111.48	6.5255	0.0077981	-0.0048997	-0.0014593
4.762	-0.025104	112.77	6.3342	0.0080105	-0.0050645	-0.0012982
4.764	-0.025119	114.03	6.1401	0.0082229	-0.0052292	-0.0011371
4.766	-0.025107	115.25	5.9431	0.0084353	-0.005394	-0.00097604
4.768	-0.025015	116.44	5.7461	0.0086477	-0.0055587	-0.00081496
4.77	-0.024799	117.59	5.5472	0.0084335	-0.0055864	-0.00085018
4.772	-0.024436	118.71	5.3483	0.0082193	-0.0056141	-0.0008854
4.774	-0.023935	119.79	5.1501	0.0080051	-0.0056418	-0.00092062
4.776	-0.023332	120.83	4.9525	0.007791	-0.0056695	-0.00095584
4.778	-0.022689	121.82	4.755	0.0075768	-0.0056972	-0.00099106
4.78	-0.022074	122.77	4.5612	0.0070095	-0.0054827	-0.001071
4.782	-0.021553	123.67	4.3673	0.0064421	-0.0052683	-0.001151
4.784	-0.021171	124.53	4.1759	0.0058748	-0.0050538	-0.0012309
4.786	-0.020943	125.33	3.987	0.0053075	-0.0048394	-0.0013109
4.788	-0.020851	126.07	3.798	0.0047402	-0.0046249	-0.0013909
4.79	-0.020845	126.76	3.6144	0.0040291	-0.0040956	-0.0012401
4.792	-0.020853	127.39	3.4308	0.0033181	-0.0035663	-0.0010893
4.794	-0.020797	127.96	3.2501	0.002607	-0.003037	-0.00093856
4.796	-0.02061	128.46	3.0724	0.0018959	-0.0025076	-0.00078779
4.798	-0.020247	128.89	2.8946	0.0011849	-0.0019783	-0.00063702
4.8	-0.019699	129.26	2.7235	0.00062565	-0.0013103	-0.00017595
4.802	-0.018991	129.56	2.5525	6.6423e-05	-0.00064231	0.00028512
4.804	-0.018181	129.79	2.3857	-0.0004928	2.5699e-05	0.00074619
4.806	-0.017349	129.95	2.2232	-0.001052	0.0006937	0.0012073
4.808	-0.016578	130.04	2.0607	-0.0016112	0.0013617	0.0016683
4.81	-0.015939	130.05	1.9092	-0.0018432	0.0018295	0.002181
4.812	-0.01548	129.99	1.7577	-0.0020751	0.0022973	0.0026936
4.814	-0.015218	129.87	1.613	-0.0023071	0.002765	0.0032063
4.816	-0.015133	129.67	1.4752	-0.002539	0.0032328	0.0037189
4.818	-0.01518	129.4	1.3374	-0.0027709	0.0037006	0.0042316
4.82	-0.015293	129.07	1.2155	-0.0027618	0.0037928	0.0044166
4.822	-0.015405	128.68	1.0936	-0.0027527	0.0038849	0.0046016
4.824	-0.015457	128.22	0.98022	-0.0027436	0.0039771	0.0047866
4.826	-0.015414	127.71	0.87545	-0.0027345	0.0040693	0.0049716
4.828	-0.015264	127.14	0.77068	-0.0027253	0.0041614	0.0051566
4.83	-0.01502	126.52	0.68319	-0.0027004	0.0040354	0.0048986
4.832	-0.014718	125.85	0.59569	-0.0026755	0.0039095	0.0046407
4.834	-0.0144	125.14	0.51648	-0.0026505	0.0037835	0.0043827
4.836	-0.01411	124.39	0.44554	-0.0026256	0.0036575	0.0041248
4.838	-0.013877	123.61	0.3746	-0.0026006	0.0035315	0.0038669
4.84	-0.013716	122.8	0.31916	-0.0026868	0.0034734	0.0034328
4.842	-0.01362	121.97	0.26372	-0.002773	0.0034152	0.0029987
4.844	-0.013565	121.12	0.21557	-0.0028592	0.0033571	0.0025647
4.846	-0.01352	120.26	0.17472	-0.0029454	0.0032989	0.0021306
4.848	-0.013451	119.39	0.13388	-0.0030316	0.0032408	0.0016966
4.85	-0.013334	118.52	0.10712	-0.0031391	0.0033041	0.0014256
4.852	-0.01316	117.65	0.080362	-0.0032466	0.0033674	0.0011546
4.854	-0.012935	116.8	0.060501	-0.0033541	0.0034307	0.00088361
4.856	-0.012682	115.95	0.047535	-0.0034616	0.003494	0.00061263
4.858	-0.012436	115.13	0.03457	-0.003569	0.0035573	0.00034165
4.86	-0.012229	114.33	0.034771	-0.0034609	0.0034759	0.00028812
4.862	-0.012092	113.55	0.034972	-0.0033527	0.0033944	0.00023459
4.864	-0.012038	112.81	0.040977	-0.0032445	0.003313	0.00018106
4.866	-0.012067	112.1	0.052786	-0.0031363	0.0032316	0.00012753
4.868	-0.012159	111.43	0.064595	-0.0030281	0.0031501	7.4003e-05
4.87	-0.012284	110.8	0.085163	-0.0025336	0.0026788	3.3815e-05
4.872	-0.012406	110.21	0.10573	-0.0020391	0.0022075	-6.3722e-06
4.874	-0.012491	109.66	0.1287	-0.0015445	0.0017362	-4.656e-05
4.876	-0.012514	109.16	0.15407	-0.00105	0.0012649	-8.6747e-05
4.878	-0.012466	108.71	0.17944	-0.00055547	0.00079363	-0.00012693
4.88	-0.012351	108.3	0.2053	0.00022802	9.8741e-05	-0.00030218
4.882	-0.012188	107.94	0.23116	0.0010115	-0.00059615	-0.00047742
4.884	-0.012005	107.63	0.25551	0.001795	-0.001291	-0.00065266
4.886	-0.011831	107.37	0.27836	0.0025785	-0.0019859	-0.0008279
4.888	-0.011689	107.15	0.30121	0.003362	-0.0026808	-0.0010031
4.89	-0.011595	106.97	0.31948	0.0040655	-0.0031032	-0.0012197
4.892	-0.011552	106.84	0.33776	0.0047691	-0.0035255	-0.0014364
4.894	-0.011553	106.74	0.35426	0.0054727	-0.0039479	-0.001653
4.896	-0.011584	106.69	0.36898	0.0061763	-0.0043703	-0.0018696
4.898	-0.011629	106.66	0.3837	0.0068798	-0.0047927	-0.0020862
4.9	-0.011675	106.67	0.39833	0.0070708	-0.0046406	-0.0021262
4.902	-0.011715	106.71	0.41295	0.0072617	-0.0044886	-0.0021662
4.904	-0.011748	106.77	0.42995	0.0074527	-0.0043366	-0.0022062
4.906	-0.011782	106.86	0.44932	0.0076436	-0.0041846	-0.0022462
4.908	-0.011827	106.97	0.46868	0.0078346	-0.0040325	-0.0022862
4.91	-0.01189	107.09	0.49742	0.0073093	-0.0035283	-0.0020536
4.912	-0.011974	107.22	0.52615	0.006784	-0.0030241	-0.001821
4.914	-0.012072	107.37	0.56092	0.0062587	-0.0025199	-0.0015885
4.916	-0.012171	107.52	0.60173	0.0057333	-0.0020157	-0.0013559
4.918	-0.012251	107.68	0.64255	0.005208	-0.0015115	-0.0011233
4.92	-0.012295	107.84	0.69508	0.0042096	-0.0011094	-0.00074488
4.922	-0.012287	107.99	0.74762	0.0032113	-0.00070724	-0.00036644
4.924	-0.012227	108.15	0.80421	0.0022129	-0.00030512	1.2002e-05
4.926	-0.012127	108.3	0.86486	0.0012145	9.6994e-05	0.00039044
4.928	-0.012012	108.44	0.9255	0.00021607	0.00049911	0.00076888
4.93	-0.011916	108.57	0.98824	-0.00067485	0.00063242	0.0010924
4.932	-0.011878	108.7	1.051	-0.0015658	0.00076574	0.001416
4.934	-0.011929	108.82	1.1114	-0.0024567	0.00089905	0.0017395
4.936	-0.012084	108.92	1.1695	-0.0033476	0.0010324	0.002063
4.938	-0.012341	109.02	1.2276	-0.0042385	0.0011657	0.0023866
4.94	-0.012674	109.1	1.2755	-0.0045889	0.0012233	0.0025742
4.942	-0.01304	109.17	1.3233	-0.0049393	0.0012809	0.0027619
4.944	-0.013387	109.24	1.3646	-0.0052896	0.0013386	0.0029496
4.946	-0.013662	109.29	1.3994	-0.00564	0.0013962	0.0031372
4.948	-0.013822	109.34	1.4341	-0.0059904	0.0014538	0.0033249
4.95	-0.013847	109.38	1.456	-0.0058503	0.0016001	0.0033808
4.952	-0.013741	109.42	1.4779	-0.0057101	0.0017463	0.0034368
4.954	-0.013532	109.45	1.4949	-0.00557	0.0018925	0.0034927
4.956	-0.01327	109.48	1.5068	-0.0054299	0.0020388	0.0035487
4.958	-0.01301	109.5	1.5188	-0.0052898	0.002185	0.0036047
4.96	-0.012806	109.53	1.525	-0.0049266	0.0022921	0.0034593
4.962	-0.012696	109.56	1.5312	-0.0045634	0.0023993	0.003314
4.964	-0.012695	109.59	1.5363	-0.0042003	0.0025064	0.0031687
4.966	-0.012791	109.63	1.5402	-0.0038371	0.0026135	0.0030233
4.968	-0.012953	109.67	1.5442	-0.003474	0.0027207	0.002878
4.97	-0.013132	109.72	1.5476	-0.0029584	0.002542	0.0024551
4.972	-0.013282	109.77	1.551	-0.0024428	0.0023633	0.0020322
4.974	-0.013363	109.84	1.5536	-0.0019272	0.0021846	0.0016094
4.976	-0.01336	109.91	1.5555	-0.0014116	0.0020059	0.0011865
4.978	-0.013279	110	1.5574	-0.00089599	0.0018272	0.00076358
4.98	-0.013151	110.09	1.5548	-0.00019124	0.0013216	0.00021855
4.982	-0.01302	110.19	1.5522	0.00051351	0.00081606	-0.00032647
4.984	-0.012936	110.31	1.5455	0.0012183	0.0003105	-0.0008715
4.986	-0.012937	110.43	1.5349	0.001923	-0.00019505	-0.0014165
4.988	-0.013041	110.55	1.5242	0.0026278	-0.00070061	-0.0019616
4.99	-0.013238	110.69	1.5029	0.0033381	-0.0012744	-0.0022816
4.992	-0.013496	110.83	1.4816	0.0040485	-0.0018483	-0.0026016
4.994	-0.013761	110.97	1.4549	0.0047588	-0.0024221	-0.0029217
4.996	-0.013978	111.11	1.4227	0.0054692	-0.002996	-0.0032417
4.998	-0.014101	111.26	1.3905	0.0061795	-0.0035698	-0.0035617
5	-0.014106	111.4	1.3498	0.0065544	-0.0038604	-0.0034906
5.002	-0.014003	111.53	1.3092	0.0069294	-0.004151	-0.0034195
5.004	-0.013831	111.66	1.2666	0.0073043	-0.0044417	-0.0033484
5.006	-0.013653	111.78	1.2219	0.0076792	-0.0047323	-0.0032773
5.008	-0.013541	111.88	1.1773	0.0080542	-0.0050229	-0.0032062
5.01	-0.013558	111.97	1.1336	0.0079412	-0.0048952	-0.0029565
5.012	-0.013738	112.05	1.0899	0.0078283	-0.0047675	-0.0027068
5.014	-0.014079	112.1	1.0484	0.0077154	-0.0046398	-0.0024571
5.016	-0.014539	112.13	1.009	0.0076024	-0.0045121	-0.0022073
5.018	-0.015037	112.13	0.96971	0.0074895	-0.0043844	-0.0019576
5.02	-0.015479	112.11	0.93526	0.0070579	-0.0040557	-0.001872
5.022	-0.015769	112.06	0.90082	0.0066264	-0.003727	-0.0017864
5.024	-0.015841	111.97	0.86739	0.0061948	-0.0033984	-0.0017008
5.026	-0.015669	111.86	0.83498	0.0057632	-0.0030697	-0.0016151
5.028	-0.015279	111.71	0.80258	0.0053317	-0.002741	-0.0015295
5.03	-0.014749	111.52	0.7667	0.0049175	-0.0025879	-0.0017251
5.032	-0.014188	111.29	0.73083	0.0045034	-0.0024348	-0.0019206
5.034	-0.013719	111.03	0.69001	0.0040892	-0.0022817	-0.0021161
5.036	-0.013445	110.73	0.64424	0.0036751	-0.0021286	-0.0023117
5.038	-0.013432	110.39	0.59847	0.0032609	-0.0019755	-0.0025072
5.04	-0.013686	110.01	0.5376	0.0031088	-0.0021508	-0.0027976
5.042	-0.014153	109.6	0.47673	0.0029568	-0.002326	-0.003088
5.044	-0.014728	109.14	0.40718	0.0028047	-0.0025013	-0.0033784
5.046	-0.015273	108.65	0.32896	0.0026526	-0.0026765	-0.0036688
5.048	-0.015653	108.12	0.25074	0.0025006	-0.0028517	-0.0039592
5.05	-0.015761	107.56	0.15672	0.0025511	-0.0030952	-0.0040609
5.052	-0.015545	106.96	0.062689	0.0026017	-0.0033386	-0.0041627
5.054	-0.015018	106.33	-0.036825	0.0026522	-0.003582	-0.0042644
5.056	-0.014255	105.66	-0.14182	0.0027028	-0.0038254	-0.0043661
5.058	-0.013384	104.97	-0.24682	0.0027533	-0.0040688	-0.0044678
5.06	-0.012547	104.25	-0.35617	0.0027067	-0.0039731	-0.0042756
5.062	-0.011875	103.5	-0.46553	0.0026601	-0.0038774	-0.0040833
5.064	-0.011459	102.72	-0.57388	0.0026134	-0.0037817	-0.0038911
5.066	-0.011327	101.93	-0.68123	0.0025668	-0.003686	-0.0036988
5.068	-0.011442	101.11	-0.78859	0.0025202	-0.0035903	-0.0035066
5.07	-0.011708	100.27	-0.88969	0.0022086	-0.0030799	-0.0031908
5.072	-0.011994	99.408	-0.99079	0.0018971	-0.0025695	-0.002875
5.074	-0.012169	98.532	-1.0882	0.0015855	-0.002059	-0.0025592
5.076	-0.012124	97.638	-1.1818	0.001274	-0.0015486	-0.0022434
5.078	-0.011801	96.728	-1.2755	0.00096248	-0.0010382	-0.0019276
5.08	-0.011203	95.802	-1.3635	0.00056873	-0.00048991	-0.0017345
5.082	-0.01039	94.862	-1.4514	0.00017498	5.8376e-05	-0.0015414
5.084	-0.0094598	93.907	-1.5383	-0.00021877	0.00060666	-0.0013483
5.086	-0.0085228	92.938	-1.6242	-0.00061252	0.0011549	-0.0011552
5.088	-0.007673	91.954	-1.71	-0.0010063	0.0017032	-0.00096207
5.09	-0.0069642	90.954	-1.7974	-0.0012054	0.001884	-0.00093073
5.092	-0.0063981	89.939	-1.8849	-0.0014045	0.0020647	-0.00089938
5.094	-0.0059262	88.907	-1.9743	-0.0016037	0.0022455	-0.00086804
5.096	-0.0054648	87.857	-2.0658	-0.0018028	0.0024262	-0.0008367
5.098	-0.0049206	86.788	-2.1572	-0.0020019	0.002607	-0.00080535
5.1	-0.0042182	85.699	-2.2529	-0.0019864	0.0024493	-0.00075222
5.102	-0.0033223	84.587	-2.3487	-0.0019709	0.0022917	-0.00069908
5.104	-0.0022485	83.452	-2.4457	-0.0019553	0.0021341	-0.00064594
5.106	-0.00106	82.291	-2.5439	-0.0019398	0.0019764	-0.00059281
5.108	0.00015053	81.103	-2.6422	-0.0019243	0.0018188	-0.00053967
5.11	0.0012892	79.886	-2.7401	-0.0018999	0.0017131	-0.00032709
5.112	0.0022912	78.637	-2.8379	-0.0018755	0.0016074	-0.00011451
5.114	0.0031452	77.355	-2.9342	-0.0018512	0.0015017	9.8069e-05
5.116	0.0039034	76.039	-3.0289	-0.0018268	0.001396	0.00031065
5.118	0.0046755	74.686	-3.1235	-0.0018024	0.0012903	0.00052323
5.12	0.0056044	73.295	-3.2132	-0.0018898	0.0014616	0.00076998
5.122	0.0068291	71.863	-3.3028	-0.0019773	0.0016329	0.0010167
5.124	0.008444	70.391	-3.3899	-0.0020647	0.0018042	0.0012635
5.126	0.010465	68.877	-3.4744	-0.0021521	0.0019755	0.0015102
5.128	0.012813	67.32	-3.5588	-0.0022395	0.0021468	0.001757
5.13	0.015316	65.719	-3.6393	-0.0023004	0.0023331	0.0017562
5.132	0.017735	64.075	-3.7198	-0.0023612	0.0025194	0.0017555
5.134	0.019816	62.387	-3.7991	-0.002422	0.0027058	0.0017547
5.136	0.021341	60.655	-3.8773	-0.0024829	0.0028921	0.001754
5.138	0.022177	58.88	-3.9554	-0.0025437	0.0030784	0.0017533
5.14	0.022317	57.063	-4.0328	-0.0023521	0.002862	0.0014098
5.142	0.021886	55.205	-4.1101	-0.0021604	0.0026456	0.0010664
5.144	0.021123	53.308	-4.1873	-0.0019687	0.0024292	0.000723
5.146	0.020333	51.374	-4.2643	-0.0017771	0.0022128	0.00037958
5.148	0.019823	49.403	-4.3414	-0.0015854	0.0019964	3.6162e-05
5.15	0.019837	47.401	-4.4176	-0.001163	0.0014102	-0.00036753
5.152	0.020496	45.367	-4.4939	-0.00074067	0.00082404	-0.00077123
5.154	0.021773	43.308	-4.5692	-0.00031829	0.00023786	-0.0011749
5.156	0.023485	41.223	-4.6437	0.00010408	-0.00034832	-0.0015786
5.158	0.025338	39.119	-4.7181	0.00052646	-0.00093449	-0.0019823
5.16	0.026985	36.997	-4.7898	0.00083381	-0.0013484	-0.0020364
5.162	0.028098	34.863	-4.8616	0.0011412	-0.0017623	-0.0020905
5.164	0.028447	32.717	-4.9318	0.0014485	-0.0021762	-0.0021446
5.166	0.027942	30.568	-5.0005	0.0017559	-0.0025901	-0.0021987
5.168	0.026661	28.416	-5.0693	0.0020632	-0.003004	-0.0022528
5.17	0.024826	26.268	-5.1357	0.0019328	-0.0028459	-0.0018779
5.172	0.022756	24.124	-5.2021	0.0018023	-0.0026879	-0.0015029
5.174	0.020789	21.992	-5.268	0.0016718	-0.0025299	-0.0011279
5.176	0.019208	19.872	-5.3333	0.0015414	-0.0023718	-0.00075299
5.178	0.018172	17.771	-5.3986	0.0014109	-0.0022138	-0.00037802
5.18	0.017679	15.689	-5.4639	0.00090544	-0.0017376	6.9868e-05
5.182	0.017565	13.633	-5.5293	0.00039998	-0.0012613	0.00051776
5.184	0.017544	11.603	-5.595	-0.00010548	-0.00078511	0.00096565
5.186	0.017273	9.6034	-5.6609	-0.00061094	-0.00030888	0.0014135
5.188	0.016436	7.6353	-5.7269	-0.0011164	0.00016734	0.0018614
5.19	0.014818	5.7026	-5.7932	-0.0016198	0.00040548	0.0019868
5.192	0.012361	3.8055	-5.8595	-0.0021232	0.00064361	0.0021122
5.194	0.0091835	1.9469	-5.9254	-0.0026266	0.00088175	0.0022376
5.196	0.0055581	0.12696	-5.9909	-0.00313	0.0011199	0.002363
5.198	0.0018566	-1.6526	-6.0565	-0.0036334	0.001358	0.0024883
5.2	-0.0015284	-3.3918	-6.1203	-0.0038178	0.0012145	0.0022697
5.202	-0.0042671	-5.0902	-6.1841	-0.0040022	0.001071	0.0020511
5.204	-0.0061589	-6.7477	-6.2469	-0.0041867	0.00092744	0.0018325
5.206	-0.0071704	-8.3653	-6.3087	-0.0043711	0.00078391	0.0016139
5.208	-0.0074347	-9.943	-6.3705	-0.0045555	0.00064038	0.0013953
5.21	-0.0072134	-11.483	-6.4315	-0.0043983	0.00047639	0.0011546
5.212	-0.0068299	-12.985	-6.4925	-0.004241	0.0003124	0.00091385
5.214	-0.0065925	-14.452	-6.5542	-0.0040837	0.00014841	0.00067312
5.216	-0.0067241	-15.884	-6.6167	-0.0039265	-1.5576e-05	0.00043239
5.218	-0.007316	-17.285	-6.6792	-0.0037692	-0.00017956	0.00019167
5.22	-0.0083168	-18.656	-6.7462	-0.0034747	-4.1132e-05	0.00022374
5.222	-0.0095555	-20	-6.8132	-0.0031802	9.7301e-05	0.00025582
5.224	-0.010796	-21.318	-6.8835	-0.0028857	0.00023573	0.00028789
5.226	-0.011804	-22.615	-6.9573	-0.0025912	0.00037417	0.00031997
5.228	-0.012412	-23.89	-7.031	-0.0022967	0.0005126	0.00035204
5.23	-0.012563	-25.149	-7.1122	-0.0020889	0.00088453	0.00064733
5.232	-0.012323	-26.392	-7.1934	-0.0018811	0.0012565	0.00094261
5.234	-0.011858	-27.624	-7.2774	-0.0016734	0.0016284	0.0012379
5.236	-0.011385	-28.844	-7.3644	-0.0014656	0.0020003	0.0015332
5.238	-0.011102	-30.058	-7.4513	-0.0012578	0.0023723	0.0018285
5.24	-0.011129	-31.265	-7.5403	-0.0012245	0.002699	0.0021328
5.242	-0.011469	-32.471	-7.6292	-0.0011913	0.0030258	0.002437
5.244	-0.011995	-33.673	-7.7168	-0.001158	0.0033526	0.0027413
5.246	-0.012487	-34.878	-7.8029	-0.0011247	0.0036794	0.0030456
5.248	-0.012694	-36.083	-7.889	-0.0010914	0.0040062	0.0033499
5.25	-0.012404	-37.292	-7.968	-0.0011689	0.0041096	0.003438
5.252	-0.011529	-38.505	-8.0469	-0.0012463	0.004213	0.003526
5.254	-0.01014	-39.725	-8.1211	-0.0013237	0.0043164	0.003614
5.256	-0.0084764	-40.95	-8.1904	-0.0014011	0.0044198	0.003702
5.258	-0.006903	-42.182	-8.2597	-0.0014786	0.0045232	0.0037901
5.26	-0.0058211	-43.421	-8.3196	-0.0015584	0.0044117	0.003659
5.262	-0.0055596	-44.667	-8.3795	-0.0016382	0.0043002	0.0035278
5.264	-0.0062666	-45.92	-8.4361	-0.0017181	0.0041888	0.0033967
5.266	-0.0078306	-47.181	-8.4894	-0.0017979	0.0040773	0.0032656
5.268	-0.0098567	-48.448	-8.5426	-0.0018777	0.0039658	0.0031345
5.27	-0.011709	-49.72	-8.5934	-0.0019208	0.0037427	0.0029461
5.272	-0.012619	-50.998	-8.6442	-0.0019638	0.0035196	0.0027578
5.274	-0.011843	-52.28	-8.6956	-0.0020069	0.0032965	0.0025694
5.276	-0.008841	-53.567	-8.7478	-0.0020499	0.0030734	0.0023811
5.278	-0.0034309	-54.855	-8.8	-0.0020929	0.0028503	0.0021928
5.28	0.0041049	-56.145	-8.8557	-0.0021322	0.0026082	0.0020655
5.282	0.012999	-57.435	-8.9114	-0.0021714	0.0023661	0.0019382
5.284	0.022076	-58.725	-8.9686	-0.0022107	0.0021241	0.0018109
5.286	0.02991	-60.014	-9.0272	-0.0022499	0.001882	0.0016836
5.288	0.035058	-61.3	-9.0859	-0.0022891	0.0016399	0.0015563
5.29	0.036304	-62.582	-9.1443	-0.0023497	0.0014475	0.0014711
5.292	0.03289	-63.861	-9.2027	-0.0024102	0.0012551	0.0013859
5.294	0.024675	-65.134	-9.2586	-0.0024708	0.0010627	0.0013007
5.296	0.012193	-66.402	-9.3122	-0.0025313	0.00087032	0.0012155
5.298	-0.0033964	-67.664	-9.3657	-0.0025919	0.00067792	0.0011302
5.3	-0.020477	-68.92	-9.4099	-0.0026579	0.00062798	0.0010466
5.302	-0.037213	-70.169	-9.4541	-0.002724	0.00057804	0.00096288
5.304	-0.051832	-71.412	-9.4924	-0.0027901	0.00052809	0.0008792
5.306	-0.062892	-72.648	-9.5246	-0.0028561	0.00047815	0.00079552
5.308	-0.069487	-73.878	-9.5568	-0.0029222	0.00042821	0.00071183
5.31	-0.071363	-75.103	-9.5771	-0.0029667	0.00058756	0.00066356
5.312	-0.068913	-76.322	-9.5973	-0.0030112	0.00074692	0.00061528
5.314	-0.063074	-77.538	-9.6128	-0.0030557	0.00090627	0.00056701
5.316	-0.055135	-78.75	-9.6236	-0.0031002	0.0010656	0.00051873
5.318	-0.0465	-79.96	-9.6344	-0.0031447	0.001225	0.00047046
5.32	-0.038453	-81.168	-9.6398	-0.0031104	0.0014701	0.00046039
5.322	-0.031966	-82.377	-9.6452	-0.0030761	0.0017152	0.00045033
5.324	-0.027579	-83.586	-9.65	-0.0030418	0.0019604	0.00044026
5.326	-0.025373	-84.799	-9.6541	-0.0030075	0.0022055	0.0004302
5.328	-0.025025	-86.016	-9.6583	-0.0029732	0.0024507	0.00042013
5.33	-0.025939	-87.239	-9.664	-0.0027329	0.0024535	0.0003167
5.332	-0.027401	-88.468	-9.6697	-0.0024926	0.0024563	0.00021327
5.334	-0.028743	-89.707	-9.6765	-0.0022524	0.0024591	0.00010984
5.336	-0.029475	-90.955	-9.6845	-0.0020121	0.0024619	6.4115e-06
5.338	-0.029357	-92.215	-9.6925	-0.0017719	0.0024647	-9.7019e-05
5.34	-0.028415	-93.486	-9.7017	-0.0012472	0.0019943	-0.00040733
5.342	-0.026891	-94.772	-9.711	-0.00072254	0.0015239	-0.00071764
5.344	-0.025158	-96.072	-9.72	-0.00019787	0.0010535	-0.0010279
5.346	-0.023609	-97.387	-9.7287	0.00032679	0.0005831	-0.0013383
5.348	-0.022562	-98.719	-9.7374	0.00085146	0.0001127	-0.0016486
5.35	-0.02219	-100.07	-9.7444	0.0014745	-0.00062559	-0.0020271
5.352	-0.022491	-101.43	-9.7514	0.0020975	-0.0013639	-0.0024056
5.354	-0.023307	-102.82	-9.7578	0.0027206	-0.0021022	-0.0027841
5.356	-0.024375	-104.22	-9.7636	0.0033436	-0.0028405	-0.0031626
5.358	-0.025395	-105.64	-9.7694	0.0039666	-0.0035787	-0.0035411
5.36	-0.026109	-107.07	-9.7767	0.004269	-0.004015	-0.0036555
5.362	-0.026354	-108.52	-9.784	0.0045713	-0.0044513	-0.0037698
5.364	-0.026095	-109.99	-9.794	0.0048737	-0.0048876	-0.0038841
5.366	-0.025416	-111.47	-9.807	0.005176	-0.0053238	-0.0039984
5.368	-0.024493	-112.97	-9.8199	0.0054784	-0.0057601	-0.0041128
5.37	-0.02354	-114.48	-9.8427	0.0051639	-0.0054688	-0.003773
5.372	-0.022755	-116	-9.8656	0.0048494	-0.0051774	-0.0034331
5.374	-0.022271	-117.53	-9.895	0.004535	-0.0048861	-0.0030933
5.376	-0.022132	-119.07	-9.931	0.0042205	-0.0045948	-0.0027535
5.378	-0.022287	-120.62	-9.9669	0.003906	-0.0043034	-0.0024137
5.38	-0.022614	-122.17	-10.017	0.0031024	-0.0034254	-0.0017854
5.382	-0.022956	-123.73	-10.066	0.0022988	-0.0025474	-0.0011572
5.384	-0.023166	-125.3	-10.122	0.0014953	-0.0016694	-0.00052891
5.386	-0.023142	-126.86	-10.183	0.00069169	-0.00079145	9.9347e-05
5.388	-0.022855	-128.43	-10.245	-0.00011189	8.6555e-05	0.0007276
5.39	-0.022348	-129.99	-10.314	-0.00090894	0.00097535	0.0012535
5.392	-0.021726	-131.56	-10.384	-0.001706	0.0018642	0.0017795
5.394	-0.02112	-133.12	-10.455	-0.0025031	0.002753	0.0023054
5.396	-0.020657	-134.68	-10.528	-0.0033001	0.0036418	0.0028313
5.398	-0.020422	-136.24	-10.601	-0.0040972	0.0045306	0.0033572
5.4	-0.02044	-137.79	-10.675	-0.0043376	0.0049141	0.0034515
5.402	-0.020672	-139.34	-10.748	-0.004578	0.0052976	0.0035457
5.404	-0.021022	-140.88	-10.822	-0.0048185	0.0056812	0.00364
5.406	-0.021364	-142.42	-10.894	-0.0050589	0.0060647	0.0037342
5.408	-0.021576	-143.96	-10.967	-0.0052994	0.0064482	0.0038285
5.41	-0.021567	-145.5	-11.04	-0.0047336	0.0061823	0.0034226
5.412	-0.021299	-147.04	-11.113	-0.0041677	0.0059164	0.0030166
5.414	-0.020796	-148.57	-11.187	-0.0036019	0.0056505	0.0026107
5.416	-0.020133	-150.11	-11.262	-0.0030361	0.0053846	0.0022048
5.418	-0.019421	-151.66	-11.338	-0.0024703	0.0051186	0.0017989
5.42	-0.018776	-153.2	-11.416	-0.0013847	0.0043947	0.0011409
5.422	-0.018293	-154.76	-11.495	-0.00029917	0.0036708	0.00048303
5.424	-0.018021	-156.32	-11.575	0.00078638	0.0029469	-0.00017488
5.426	-0.017959	-157.9	-11.657	0.0018719	0.002223	-0.0008328
5.428	-0.018051	-159.49	-11.738	0.0029575	0.0014991	-0.0014907
5.43	-0.018205	-161.1	-11.818	0.0038517	0.00069872	-0.0019612
5.432	-0.018313	-162.72	-11.898	0.0047459	-0.00010162	-0.0024316
5.434	-0.018275	-164.36	-11.973	0.0056401	-0.00090197	-0.0029021
5.436	-0.01802	-166.03	-12.043	0.0065343	-0.0017023	-0.0033725
5.438	-0.017522	-167.71	-12.113	0.0074285	-0.0025026	-0.003843
5.44	-0.016796	-169.43	-12.164	0.0075216	-0.0029528	-0.0038284
5.442	-0.015898	-171.16	-12.214	0.0076147	-0.003403	-0.0038138
5.444	-0.014903	-172.93	-12.249	0.0077078	-0.0038531	-0.0037992
5.446	-0.013889	-174.72	-12.268	0.0078009	-0.0043033	-0.0037846
5.448	-0.01292	-176.54	-12.287	0.007894	-0.0047535	-0.00377
5.45	-0.012032	-178.39	-12.265	0.0071625	-0.0046198	-0.0033958
5.452	-0.011231	-180.26	-12.243	0.006431	-0.0044861	-0.0030216
5.454	-0.010492	-182.16	-12.196	0.0056995	-0.0043524	-0.0026474
5.456	-0.0097752	-184.08	-12.125	0.004968	-0.0042187	-0.0022732
5.458	-0.009033	-186.03	-12.054	0.0042365	-0.0040851	-0.001899
5.46	-0.0082263	-187.99	-11.93	0.0031642	-0.0035571	-0.0015637
5.462	-0.0073328	-189.97	-11.807	0.0020919	-0.0030292	-0.0012285
5.464	-0.0063509	-191.96	-11.656	0.0010197	-0.0025012	-0.00089322
5.466	-0.0052978	-193.96	-11.478	-5.26e-05	-0.0019733	-0.00055797
5.468	-0.0042024	-195.96	-11.299	-0.0011249	-0.0014453	-0.00022272
5.47	-0.0030962	-197.95	-11.068	-0.0020141	-0.0010305	-0.00014131
5.472	-0.0020038	-199.94	-10.837	-0.0029032	-0.00061569	-5.9893e-05
5.474	-0.00093707	-201.91	-10.58	-0.0037924	-0.00020088	2.1519e-05
5.476	0.00010699	-203.86	-10.298	-0.0046816	0.00021393	0.00010293
5.478	0.0011442	-205.78	-10.015	-0.0055708	0.00062873	0.00018434
5.48	0.002197	-207.66	-9.6847	-0.0059964	0.00059573	0.00015777
5.482	0.0032864	-209.49	-9.3539	-0.006422	0.00056272	0.0001312
5.484	0.0044262	-211.28	-9.0006	-0.0068476	0.00052971	0.00010462
5.486	0.0056181	-213	-8.6247	-0.0072732	0.00049671	7.8051e-05
5.488	0.0068519	-214.65	-8.2488	-0.0076988	0.0004637	5.1477e-05
5.49	0.0081082	-216.23	-7.8317	-0.0076241	0.0001964	0.00013859
5.492	0.0093653	-217.71	-7.4146	-0.0075494	-7.0907e-05	0.0002257
5.494	0.010606	-219.1	-6.9796	-0.0074746	-0.00033821	0.00031281
5.496	0.011825	-220.39	-6.5266	-0.0073999	-0.00060552	0.00039992
5.498	0.013028	-221.56	-6.0736	-0.0073252	-0.00087282	0.00048703
5.5	0.014237	-222.61	-5.592	-0.0069274	-0.00085628	0.00070018
5.502	0.015481	-223.54	-5.1103	-0.0065296	-0.00083974	0.00091333
5.504	0.016794	-224.33	-4.6187	-0.0061319	-0.0008232	0.0011265
5.506	0.018201	-224.97	-4.1171	-0.0057341	-0.00080666	0.0013396
5.508	0.019717	-225.47	-3.6156	-0.0053363	-0.00079012	0.0015528
5.51	0.021343	-225.81	-3.1039	-0.0049058	-0.00031029	0.0017274
5.512	0.023061	-226	-2.5923	-0.0044752	0.00016954	0.001902
5.514	0.024843	-226.01	-2.0805	-0.0040446	0.00064937	0.0020765
5.516	0.026656	-225.87	-1.5686	-0.0036141	0.0011292	0.0022511
5.518	0.028468	-225.54	-1.0567	-0.0031835	0.001609	0.0024257
5.52	0.030253	-225.05	-0.55335	-0.0028482	0.0021139	0.002396
5.522	0.032	-224.37	-0.050015	-0.0025128	0.0026188	0.0023664
5.524	0.033711	-223.52	0.44548	-0.0021775	0.0031237	0.0023367
5.526	0.035397	-222.5	0.93313	-0.0018422	0.0036286	0.002307
5.528	0.037076	-221.29	1.4208	-0.0015068	0.0041335	0.0022774
5.53	0.038766	-219.91	1.8874	-0.0011108	0.0040612	0.0020099
5.532	0.040478	-218.36	2.3541	-0.00071472	0.0039889	0.0017424
5.534	0.042213	-216.63	2.8084	-0.00031866	0.0039166	0.001475
5.536	0.043965	-214.73	3.2503	7.7396e-05	0.0038443	0.0012075
5.538	0.045717	-212.67	3.6922	0.00047345	0.003772	0.00094004
5.54	0.04745	-210.45	4.1064	0.0010718	0.0030345	0.00058696
5.542	0.049148	-208.07	4.5207	0.0016702	0.0022971	0.00023388
5.544	0.050798	-205.54	4.9197	0.0022685	0.0015597	-0.0001192
5.546	0.0524	-202.87	5.3035	0.0028669	0.00082232	-0.00047228
5.548	0.053962	-200.05	5.6874	0.0034653	8.4913e-05	-0.00082536
5.55	0.055497	-197.11	6.0382	0.0040644	-0.00078234	-0.0010236
5.552	0.057022	-194.04	6.3889	0.0046636	-0.0016496	-0.0012219
5.554	0.05855	-190.85	6.7218	0.0052628	-0.0025169	-0.0014202
5.556	0.060085	-187.55	7.0368	0.005862	-0.0033841	-0.0016185
5.558	0.061624	-184.14	7.3518	0.0064612	-0.0042514	-0.0018167
5.56	0.063148	-180.64	7.6288	0.0066618	-0.0046678	-0.0017426
5.562	0.064633	-177.05	7.9057	0.0068624	-0.0050843	-0.0016684
5.564	0.066051	-173.37	8.1628	0.0070631	-0.0055007	-0.0015943
5.566	0.067374	-169.61	8.4001	0.0072637	-0.0059172	-0.0015201
5.568	0.068582	-165.79	8.6374	0.0074643	-0.0063336	-0.0014459
5.57	0.069662	-161.9	8.8345	0.0071329	-0.0062268	-0.0012188
5.572	0.070614	-157.95	9.0315	0.0068014	-0.00612	-0.00099169
5.574	0.071445	-153.95	9.2088	0.0064699	-0.0060132	-0.00076457
5.576	0.072169	-149.9	9.3661	0.0061384	-0.0059064	-0.00053745
5.578	0.072799	-145.82	9.5234	0.005807	-0.0057996	-0.00031033
5.58	0.073347	-141.69	9.6421	0.0052749	-0.0055196	-0.00018908
5.582	0.073819	-137.54	9.7609	0.0047429	-0.0052396	-6.7825e-05
5.584	0.074216	-133.36	9.8611	0.0042108	-0.0049595	5.3428e-05
5.586	0.074533	-129.15	9.9428	0.0036787	-0.0046795	0.00017468
5.588	0.074765	-124.92	10.025	0.0031467	-0.0043995	0.00029594
5.59	0.074907	-120.68	10.071	0.0028749	-0.004225	0.00015711
5.592	0.07496	-116.42	10.118	0.0026031	-0.0040505	1.8279e-05
5.594	0.074926	-112.14	10.148	0.0023313	-0.003876	-0.00012055
5.596	0.074812	-107.86	10.162	0.0020596	-0.0037015	-0.00025938
5.598	0.074625	-103.57	10.175	0.0017878	-0.003527	-0.00039821
5.6	0.074369	-99.272	10.159	0.0018489	-0.003403	-0.00065067
5.602	0.07404	-94.971	10.142	0.00191	-0.0032789	-0.00090314
5.604	0.073627	-90.665	10.112	0.0019711	-0.0031549	-0.0011556
5.606	0.073108	-86.359	10.069	0.0020322	-0.0030308	-0.0014081
5.608	0.072457	-82.051	10.026	0.0020933	-0.0029068	-0.0016605
5.61	0.071647	-77.744	9.9606	0.0020955	-0.0026259	-0.0016951
5.612	0.070656	-73.439	9.8952	0.0020977	-0.0023451	-0.0017296
5.614	0.069471	-69.138	9.8208	0.0020999	-0.0020642	-0.0017641
5.616	0.068095	-64.84	9.7377	0.0021022	-0.0017834	-0.0017987
5.618	0.066544	-60.55	9.6545	0.0021044	-0.0015025	-0.0018332
5.62	0.064844	-56.267	9.5579	0.0016998	-0.0010312	-0.0015314
5.622	0.063028	-51.994	9.4614	0.0012951	-0.00055993	-0.0012296
5.624	0.061129	-47.731	9.3597	0.0008905	-8.8637e-05	-0.00092779
5.626	0.059166	-43.483	9.2528	0.00048586	0.00038266	-0.00062599
5.628	0.05715	-39.25	9.146	8.1218e-05	0.00085396	-0.00032418
5.63	0.055071	-35.036	9.0302	-0.00057363	0.0012859	4.1375e-05
5.632	0.052909	-30.841	8.9144	-0.0012285	0.0017179	0.00040693
5.634	0.050635	-26.671	8.7939	-0.0018833	0.0021499	0.00077249
5.636	0.048222	-22.526	8.6686	-0.0025382	0.0025819	0.0011381
5.638	0.045656	-18.412	8.5433	-0.003193	0.0030138	0.0015036
5.64	0.042938	-14.329	8.4069	-0.0036376	0.0031658	0.0016213
5.642	0.040097	-10.283	8.2705	-0.0040821	0.0033177	0.001739
5.644	0.037179	-6.2747	8.1277	-0.0045266	0.0034696	0.0018568
5.646	0.034248	-2.3106	7.9784	-0.0049711	0.0036215	0.0019745
5.648	0.031377	1.6091	7.8291	-0.0054156	0.0037734	0.0020922
5.65	0.028628	5.4779	7.6664	-0.0054469	0.0036833	0.0020086
5.652	0.02605	9.2957	7.5037	-0.0054782	0.0035931	0.0019249
5.654	0.023665	13.056	7.3353	-0.0055095	0.0035029	0.0018413
5.656	0.021466	16.759	7.1611	-0.0055408	0.0034128	0.0017576
5.658	0.01942	20.399	6.9868	-0.0055721	0.0033226	0.001674
5.66	0.017473	23.975	6.8055	-0.0053719	0.0032281	0.0016342
5.662	0.015566	27.483	6.6241	-0.0051717	0.0031337	0.0015943
5.664	0.013644	30.922	6.4425	-0.0049715	0.0030392	0.0015545
5.666	0.011668	34.29	6.2606	-0.0047713	0.0029448	0.0015146
5.668	0.0096252	37.585	6.0787	-0.0045711	0.0028504	0.0014748
5.67	0.0075277	40.805	5.9039	-0.0043079	0.0028308	0.0014893
5.672	0.0054123	43.95	5.7291	-0.0040448	0.0028112	0.0015038
5.674	0.0033311	47.018	5.5613	-0.0037816	0.0027916	0.0015182
5.676	0.0013401	50.011	5.4005	-0.0035185	0.0027721	0.0015327
5.678	-0.00051152	52.927	5.2397	-0.0032553	0.0027525	0.0015472
5.68	-0.0021913	55.767	5.0979	-0.0028637	0.0026119	0.0014076
5.682	-0.003689	58.533	4.9562	-0.0024721	0.0024713	0.0012681
5.684	-0.0050169	61.224	4.825	-0.0020805	0.0023307	0.0011285
5.686	-0.0062058	63.843	4.7043	-0.001689	0.0021901	0.0009889
5.688	-0.0072965	66.391	4.5836	-0.0012974	0.0020495	0.00084932
5.69	-0.0083308	68.872	4.4831	-0.00074819	0.0016221	0.00053494
5.692	-0.0093422	71.285	4.3826	-0.00019902	0.0011947	0.00022057
5.694	-0.010349	73.635	4.2903	0.00035016	0.00076726	-9.3805e-05
5.696	-0.011354	75.923	4.2064	0.00089934	0.00033984	-0.00040818
5.698	-0.012341	78.154	4.1224	0.0014485	-8.7575e-05	-0.00072256
5.7	-0.013285	80.329	4.0499	0.0019283	-0.00064359	-0.00095752
5.702	-0.014159	82.452	3.9775	0.0024081	-0.0011996	-0.0011925
5.704	-0.014937	84.525	3.908	0.0028879	-0.0017556	-0.0014274
5.706	-0.015603	86.553	3.8415	0.0033677	-0.0023116	-0.0016624
5.708	-0.016155	88.537	3.7749	0.0038475	-0.0028676	-0.0018974
5.71	-0.016604	90.481	3.7093	0.0040178	-0.0031988	-0.0018894
5.712	-0.016969	92.386	3.6436	0.0041882	-0.0035299	-0.0018813
5.714	-0.017275	94.256	3.5764	0.0043585	-0.003861	-0.0018733
5.716	-0.017546	96.092	3.5076	0.0045288	-0.0041921	-0.0018653
5.718	-0.017799	97.898	3.4389	0.0046991	-0.0045233	-0.0018573
5.72	-0.018046	99.674	3.3641	0.004614	-0.0044772	-0.001739
5.722	-0.018287	101.42	3.2894	0.0045288	-0.0044311	-0.0016206
5.724	-0.018518	103.14	3.2109	0.0044437	-0.004385	-0.0015023
5.726	-0.018729	104.84	3.1285	0.0043585	-0.0043389	-0.0013839
5.728	-0.018912	106.5	3.0461	0.0042734	-0.0042928	-0.0012656
5.73	-0.019063	108.15	2.955	0.0041648	-0.0040892	-0.0012157
5.732	-0.019181	109.76	2.8639	0.0040562	-0.0038856	-0.0011659
5.734	-0.01927	111.35	2.7683	0.0039476	-0.003682	-0.001116
5.736	-0.019336	112.91	2.668	0.003839	-0.0034783	-0.0010661
5.738	-0.019385	114.44	2.5677	0.0037304	-0.0032747	-0.0010163
5.74	-0.019417	115.94	2.4577	0.0036794	-0.0032383	-0.00099869
5.742	-0.01943	117.41	2.3478	0.0036284	-0.0032019	-0.00098111
5.744	-0.019415	118.84	2.2328	0.0035775	-0.0031655	-0.00096352
5.746	-0.019361	120.23	2.1129	0.0035265	-0.0031291	-0.00094594
5.748	-0.019256	121.59	1.9929	0.0034756	-0.0030927	-0.00092835
5.75	-0.019094	122.9	1.8627	0.0033753	-0.0032742	-0.0008188
5.752	-0.018874	124.16	1.7325	0.0032751	-0.0034558	-0.00070924
5.754	-0.018606	125.38	1.5973	0.0031748	-0.0036373	-0.00059968
5.756	-0.018305	126.54	1.4569	0.0030746	-0.0038188	-0.00049012
5.758	-0.017993	127.65	1.3166	0.0029743	-0.0040004	-0.00038056
5.76	-0.017692	128.71	1.1667	0.0027853	-0.0041418	-0.000237
5.762	-0.017418	129.7	1.0169	0.0025963	-0.0042832	-9.3437e-05
5.764	-0.017177	130.64	0.86308	0.0024073	-0.0044247	5.0126e-05
5.766	-0.016967	131.5	0.70533	0.0022183	-0.0045661	0.00019369
5.768	-0.016772	132.31	0.54758	0.0020292	-0.0047075	0.00033725
5.77	-0.016568	133.04	0.38468	0.0018929	-0.0045696	0.00029926
5.772	-0.016332	133.71	0.22178	0.0017565	-0.0044316	0.00026126
5.774	-0.016044	134.3	0.058287	0.0016201	-0.0042936	0.00022326
5.776	-0.015696	134.83	-0.10579	0.0014838	-0.0041556	0.00018526
5.778	-0.015294	135.28	-0.26987	0.0013474	-0.0040177	0.00014726
5.78	-0.014859	135.66	-0.43017	0.0013838	-0.0036484	-0.00014863
5.782	-0.014425	135.97	-0.59047	0.0014202	-0.0032791	-0.00044452
5.784	-0.014031	136.21	-0.74619	0.0014565	-0.0029099	-0.00074041
5.786	-0.013713	136.39	-0.89732	0.0014929	-0.0025406	-0.0010363
5.788	-0.013495	136.49	-1.0485	0.0015293	-0.0021714	-0.0013322
5.79	-0.013385	136.53	-1.1854	0.0016231	-0.001799	-0.0016454
5.792	-0.01337	136.51	-1.3223	0.001717	-0.0014265	-0.0019587
5.794	-0.013418	136.43	-1.4502	0.0018108	-0.0010541	-0.002272
5.796	-0.013484	136.29	-1.569	0.0019046	-0.00068174	-0.0025852
5.798	-0.013516	136.1	-1.6878	0.0019984	-0.00030933	-0.0028985
5.8	-0.013471	135.86	-1.7864	0.0018894	-3.6175e-05	-0.0028535
5.802	-0.013321	135.57	-1.885	0.0017804	0.00023698	-0.0028086
5.804	-0.013058	135.23	-1.9735	0.0016714	0.00051013	-0.0027636
5.806	-0.012701	134.86	-2.0518	0.0015624	0.00078329	-0.0027187
5.808	-0.012288	134.46	-2.1301	0.0014534	0.0010564	-0.0026737
5.81	-0.011874	134.02	-2.1899	0.0010522	0.0013255	-0.0021554
5.812	-0.011518	133.56	-2.2496	0.00065095	0.0015946	-0.001637
5.814	-0.011271	133.07	-2.3016	0.00024973	0.0018637	-0.0011186
5.816	-0.011168	132.57	-2.3457	-0.0001515	0.0021327	-0.00060019
5.818	-0.01122	132.05	-2.3898	-0.00055272	0.0024018	-8.1798e-05
5.82	-0.011414	131.52	-2.4216	-0.0010052	0.0027215	0.00056716
5.822	-0.011713	130.99	-2.4535	-0.0014577	0.0030412	0.0012161
5.824	-0.012063	130.45	-2.4807	-0.0019102	0.0033609	0.0018651
5.826	-0.012406	129.91	-2.5032	-0.0023627	0.0036806	0.002514
5.828	-0.012688	129.37	-2.5258	-0.0028152	0.0040003	0.003163
5.83	-0.012868	128.84	-2.5414	-0.0029916	0.0042441	0.0034436
5.832	-0.012924	128.32	-2.5571	-0.003168	0.0044879	0.0037242
5.834	-0.012858	127.81	-2.5701	-0.0033444	0.0047317	0.0040048
5.836	-0.012689	127.3	-2.5804	-0.0035208	0.0049755	0.0042854
5.838	-0.012452	126.82	-2.5907	-0.0036972	0.0052193	0.004566
5.84	-0.012188	126.34	-2.5968	-0.0035813	0.0052674	0.0043562
5.842	-0.011937	125.88	-2.6029	-0.0034654	0.0053155	0.0041464
5.844	-0.011731	125.44	-2.6073	-0.0033495	0.0053636	0.0039366
5.846	-0.011588	125.01	-2.6101	-0.0032337	0.0054117	0.0037268
5.848	-0.011516	124.6	-2.6129	-0.0031178	0.0054598	0.0035169
5.85	-0.011507	124.21	-2.6133	-0.0030322	0.0053833	0.0031714
5.852	-0.011548	123.83	-2.6138	-0.0029465	0.0053068	0.0028259
5.854	-0.011619	123.47	-2.6133	-0.0028609	0.0052304	0.0024804
5.856	-0.011702	123.12	-2.612	-0.0027753	0.0051539	0.0021349
5.858	-0.011783	122.79	-2.6107	-0.0026897	0.0050774	0.0017894
5.86	-0.011853	122.48	-2.6077	-0.0028583	0.0050137	0.0016642
5.862	-0.011908	122.17	-2.6048	-0.0030268	0.00495	0.001539
5.864	-0.011952	121.88	-2.6005	-0.0031954	0.0048863	0.0014137
5.866	-0.011988	121.6	-2.595	-0.0033639	0.0048226	0.0012885
5.868	-0.01202	121.33	-2.5895	-0.0035325	0.0047589	0.0011633
5.87	-0.012053	121.07	-2.5792	-0.0037367	0.004702	0.0012196
5.872	-0.012088	120.82	-2.5689	-0.0039409	0.004645	0.0012759
5.874	-0.012125	120.58	-2.5547	-0.0041451	0.0045881	0.0013322
5.876	-0.012163	120.35	-2.5364	-0.0043493	0.0045311	0.0013885
5.878	-0.012199	120.13	-2.5182	-0.0045535	0.0044742	0.0014448
5.88	-0.012232	119.91	-2.4887	-0.004383	0.0042998	0.0014234
5.882	-0.012257	119.7	-2.4592	-0.0042125	0.0041255	0.0014021
5.884	-0.012274	119.49	-2.4227	-0.004042	0.0039512	0.0013807
5.886	-0.012276	119.29	-2.3793	-0.0038715	0.0037769	0.0013594
5.888	-0.012259	119.1	-2.3359	-0.0037009	0.0036026	0.001338
5.89	-0.012216	118.92	-2.2778	-0.0031079	0.0032533	0.0011558
5.892	-0.012141	118.75	-2.2198	-0.0025148	0.0029039	0.00097366
5.894	-0.012027	118.58	-2.1552	-0.0019218	0.0025546	0.00079148
5.896	-0.011874	118.42	-2.0842	-0.0013287	0.0022053	0.00060931
5.898	-0.011685	118.28	-2.0131	-0.00073567	0.0018559	0.00042713
5.9	-0.011474	118.14	-1.933	-0.00014417	0.0014221	0.00023707
5.902	-0.011258	118.01	-1.8529	0.00044733	0.0009883	4.7003e-05
5.904	-0.011063	117.9	-1.7711	0.0010388	0.00055448	-0.00014306
5.906	-0.010914	117.8	-1.6874	0.0016303	0.00012066	-0.00033313
5.908	-0.010835	117.71	-1.6038	0.0022218	-0.00031317	-0.00052319
5.91	-0.010841	117.63	-1.5224	0.002422	-0.00067124	-0.00059132
5.912	-0.010936	117.57	-1.4411	0.0026222	-0.0010293	-0.00065945
5.914	-0.01111	117.53	-1.3633	0.0028223	-0.0013874	-0.00072758
5.916	-0.011342	117.5	-1.2891	0.0030225	-0.0017454	-0.00079571
5.918	-0.0116	117.48	-1.2149	0.0032227	-0.0021035	-0.00086385
5.92	-0.01185	117.48	-1.151	0.0031167	-0.0022603	-0.00086291
5.922	-0.012059	117.5	-1.0871	0.0030108	-0.002417	-0.00086197
5.924	-0.012207	117.53	-1.0288	0.0029048	-0.0025738	-0.00086103
5.926	-0.012286	117.58	-0.97605	0.0027989	-0.0027305	-0.00086009
5.928	-0.012303	117.64	-0.92332	0.0026929	-0.0028873	-0.00085915
5.93	-0.012278	117.71	-0.88101	0.002628	-0.0027925	-0.00089951
5.932	-0.012241	117.8	-0.83869	0.0025632	-0.0026978	-0.00093987
5.934	-0.012223	117.9	-0.8007	0.0024983	-0.0026031	-0.00098024
5.936	-0.012246	118.01	-0.76704	0.0024335	-0.0025084	-0.0010206
5.938	-0.012324	118.12	-0.73338	0.0023686	-0.0024136	-0.001061
5.94	-0.012452	118.24	-0.70657	0.0024172	-0.0020979	-0.001125
5.942	-0.012614	118.37	-0.67975	0.0024658	-0.0017822	-0.0011891
5.944	-0.01278	118.5	-0.65576	0.0025144	-0.0014664	-0.0012532
5.946	-0.012921	118.63	-0.63459	0.002563	-0.0011507	-0.0013173
5.948	-0.013011	118.77	-0.61342	0.0026115	-0.00083496	-0.0013814
5.95	-0.013038	118.9	-0.59753	0.0024988	-0.00042469	-0.0013525
5.952	-0.013009	119.02	-0.58165	0.002386	-1.4424e-05	-0.0013236
5.954	-0.012946	119.14	-0.56856	0.0022733	0.00039584	-0.0012947
5.956	-0.012886	119.25	-0.55828	0.0021605	0.00080611	-0.0012658
5.958	-0.012871	119.35	-0.548	0.0020477	0.0012164	-0.0012369
5.96	-0.012938	119.43	-0.5439	0.0016559	0.0014978	-0.0010918
5.962	-0.01311	119.51	-0.53981	0.0012641	0.0017792	-0.00094666
5.964	-0.01339	119.57	-0.53902	0.00087229	0.0020606	-0.00080155
5.966	-0.013757	119.61	-0.54153	0.00048047	0.002342	-0.00065645
5.968	-0.014168	119.64	-0.54404	8.8659e-05	0.0026234	-0.00051134
5.97	-0.014573	119.64	-0.55318	-0.00025204	0.0025688	-0.00037621
5.972	-0.014915	119.63	-0.56232	-0.00059274	0.0025142	-0.00024108
5.974	-0.015155	119.6	-0.57461	-0.00093344	0.0024596	-0.00010595
5.976	-0.01527	119.56	-0.59003	-0.0012741	0.002405	2.918e-05
5.978	-0.015268	119.49	-0.60545	-0.0016148	0.0023504	0.00016431
5.98	-0.015183	119.4	-0.62664	-0.0015501	0.0019866	0.0001825
5.982	-0.015066	119.3	-0.64783	-0.0014853	0.0016229	0.00020068
5.984	-0.01498	119.17	-0.67169	-0.0014205	0.0012591	0.00021887
5.986	-0.01498	119.04	-0.69822	-0.0013557	0.0008953	0.00023706
5.988	-0.015105	118.88	-0.72475	-0.0012909	0.00053151	0.00025525
5.99	-0.015363	118.71	-0.75643	-0.0009377	0.00015766	0.00018721
5.992	-0.015735	118.53	-0.78811	-0.00058451	-0.00021619	0.00011918
5.994	-0.016172	118.34	-0.82239	-0.00023132	-0.00059004	5.1154e-05
5.996	-0.016611	118.14	-0.85925	0.00012187	-0.00096389	-1.6876e-05
5.998	-0.016984	117.93	-0.89611	0.00047506	-0.0013377	-8.4906e-05
6	-0.017235	117.72	-0.9382	0.00071568	-0.0014575	-0.00016893
6.002	-0.017335	117.5	-0.9803	0.00095631	-0.0015773	-0.00025295
6.004	-0.017282	117.28	-1.0249	0.0011969	-0.0016971	-0.00033698
6.006	-0.017108	117.06	-1.0721	0.0014376	-0.0018169	-0.000421
6.008	-0.016868	116.84	-1.1193	0.0016782	-0.0019367	-0.00050503
6.01	-0.016628	116.62	-1.1712	0.0016274	-0.0018376	-0.00058785
6.012	-0.016451	116.4	-1.223	0.0015766	-0.0017385	-0.00067067
6.014	-0.016381	116.19	-1.2768	0.0015259	-0.0016393	-0.0007535
6.016	-0.016437	115.99	-1.3325	0.0014751	-0.0015402	-0.00083632
6.018	-0.016604	115.79	-1.3882	0.0014243	-0.0014411	-0.00091914
6.02	-0.016841	115.6	-1.4469	0.0011866	-0.0012855	-0.00095856
6.022	-0.017091	115.41	-1.5055	0.00094894	-0.0011299	-0.00099797
6.024	-0.017291	115.23	-1.5653	0.00071126	-0.00097435	-0.0010374
6.026	-0.017391	115.06	-1.6262	0.00047357	-0.00081877	-0.0010768
6.028	-0.017361	114.89	-1.687	0.00023588	-0.0006632	-0.0011162
6.03	-0.017202	114.72	-1.7495	-7.8493e-05	-0.0004492	-0.0010158
6.032	-0.016942	114.56	-1.812	-0.00039287	-0.0002352	-0.00091539
6.034	-0.016629	114.39	-1.8752	-0.00070724	-2.1195e-05	-0.00081498
6.036	-0.016321	114.23	-1.939	-0.0010216	0.00019281	-0.00071457
6.038	-0.016073	114.06	-2.0028	-0.001336	0.00040681	-0.00061415
6.04	-0.015924	113.89	-2.068	-0.0016651	0.00075327	-0.00038667
6.042	-0.015889	113.7	-2.1331	-0.0019943	0.0010997	-0.00015918
6.044	-0.015957	113.51	-2.1989	-0.0023234	0.0014462	6.83e-05
6.046	-0.016095	113.3	-2.2654	-0.0026525	0.0017926	0.00029578
6.048	-0.016256	113.08	-2.3318	-0.0029817	0.0021391	0.00052327
6.05	-0.016392	112.84	-2.3994	-0.0031773	0.0024702	0.00068996
6.052	-0.016462	112.57	-2.467	-0.0033729	0.0028013	0.00085666
6.054	-0.01644	112.28	-2.5351	-0.0035685	0.0031324	0.0010234
6.056	-0.016321	111.95	-2.6036	-0.0037641	0.0034635	0.0011901
6.058	-0.016116	111.6	-2.6722	-0.0039598	0.0037946	0.0013567
6.06	-0.01585	111.21	-2.7413	-0.0038658	0.0037997	0.0013261
6.062	-0.015556	110.79	-2.8104	-0.0037718	0.0038048	0.0012954
6.064	-0.015261	110.32	-2.8798	-0.0036778	0.0038098	0.0012647
6.066	-0.014985	109.81	-2.9494	-0.0035838	0.0038149	0.001234
6.068	-0.01474	109.26	-3.019	-0.0034898	0.00382	0.0012034
6.07	-0.014527	108.67	-3.089	-0.0031702	0.0034202	0.0010709
6.072	-0.014341	108.03	-3.1591	-0.0028506	0.0030205	0.00093834
6.074	-0.014177	107.34	-3.2296	-0.002531	0.0026207	0.00080582
6.076	-0.01403	106.6	-3.3006	-0.0022114	0.0022209	0.0006733
6.078	-0.013899	105.82	-3.3715	-0.0018917	0.0018211	0.00054078
6.08	-0.013785	104.98	-3.4439	-0.0015963	0.0013083	0.00046939
6.082	-0.01369	104.1	-3.5163	-0.0013009	0.00079543	0.000398
6.084	-0.013608	103.17	-3.5896	-0.0010054	0.0002826	0.00032661
6.086	-0.013523	102.2	-3.6639	-0.00071	-0.00023023	0.00025522
6.088	-0.013412	101.18	-3.7382	-0.00041456	-0.00074306	0.00018383
6.09	-0.013243	100.13	-3.8147	-0.00027797	-0.0010473	0.00017561
6.092	-0.012982	99.025	-3.8912	-0.00014138	-0.0013516	0.00016739
6.094	-0.012603	97.889	-3.9687	-4.7885e-06	-0.0016559	0.00015917
6.096	-0.012095	96.716	-4.0473	0.0001318	-0.0019601	0.00015094
6.098	-0.011468	95.511	-4.1258	0.00026839	-0.0022644	0.00014272
6.1	-0.010756	94.276	-4.2058	0.00034513	-0.0023347	0.00010591
6.102	-0.010008	93.016	-4.2858	0.00042186	-0.0024051	6.9098e-05
6.104	-0.0092843	91.73	-4.366	0.00049859	-0.0024755	3.2285e-05
6.106	-0.0086361	90.426	-4.4465	0.00057533	-0.0025459	-4.5275e-06
6.108	-0.0080968	89.103	-4.527	0.00065206	-0.0026162	-4.134e-05
6.11	-0.0076692	87.766	-4.6069	0.00078135	-0.002626	-9.689e-05
6.112	-0.0073223	86.417	-4.6868	0.00091065	-0.0026357	-0.00015244
6.114	-0.0069956	85.06	-4.7659	0.0010399	-0.0026454	-0.00020799
6.116	-0.0066112	83.696	-4.8442	0.0011692	-0.0026551	-0.00026354
6.118	-0.0060908	82.329	-4.9224	0.0012985	-0.0026649	-0.00031909
6.12	-0.0053751	80.96	-4.9983	0.0014313	-0.0027164	-0.00030614
6.122	-0.0044384	79.591	-5.0742	0.001564	-0.002768	-0.00029318
6.124	-0.0032964	78.223	-5.1487	0.0016968	-0.0028196	-0.00028023
6.126	-0.0020035	76.858	-5.2218	0.0018295	-0.0028712	-0.00026727
6.128	-0.00063936	75.496	-5.2949	0.0019623	-0.0029227	-0.00025432
6.13	0.00071177	74.139	-5.3651	0.0020054	-0.0029818	-0.00018586
6.132	0.0019841	72.786	-5.4353	0.0020486	-0.0030408	-0.00011741
6.134	0.0031502	71.436	-5.5042	0.0020917	-0.0030999	-4.8949e-05
6.136	0.0042323	70.091	-5.5719	0.0021349	-0.0031589	1.9508e-05
6.138	0.0052996	68.748	-5.6395	0.002178	-0.0032179	8.7965e-05
6.14	0.0064533	67.407	-5.705	0.0021459	-0.0032063	8.5264e-05
6.142	0.0078001	66.065	-5.7706	0.0021137	-0.0031947	8.2564e-05
6.144	0.009421	64.722	-5.8355	0.0020815	-0.0031831	7.9863e-05
6.146	0.011343	63.374	-5.8998	0.0020493	-0.0031715	7.7163e-05
6.148	0.013522	62.022	-5.9641	0.0020172	-0.0031599	7.4462e-05
6.15	0.015839	60.661	-6.0278	0.0019832	-0.0030311	-6.5848e-05
6.152	0.018118	59.29	-6.0916	0.0019492	-0.0029023	-0.00020616
6.154	0.020161	57.904	-6.1555	0.0019153	-0.0027736	-0.00034647
6.156	0.021782	56.504	-6.2194	0.0018813	-0.0026448	-0.00048678
6.158	0.02286	55.084	-6.2834	0.0018474	-0.002516	-0.00062709
6.16	0.02336	53.645	-6.3479	0.0018377	-0.0022999	-0.00082137
6.162	0.023358	52.181	-6.4124	0.0018281	-0.0020838	-0.0010156
6.164	0.023023	50.692	-6.4772	0.0018184	-0.0018677	-0.0012099
6.166	0.022591	49.175	-6.5423	0.0018087	-0.0016516	-0.0014042
6.168	0.022315	47.628	-6.6074	0.001799	-0.0014355	-0.0015985
6.17	0.022409	46.05	-6.6726	0.0017676	-0.0012367	-0.0017064
6.172	0.023	44.439	-6.7378	0.0017362	-0.0010378	-0.0018144
6.174	0.024098	42.795	-6.8028	0.0017048	-0.00083896	-0.0019223
6.176	0.025585	41.116	-6.8675	0.0016734	-0.00064011	-0.0020303
6.178	0.02724	39.403	-6.9322	0.0016419	-0.00044125	-0.0021382
6.18	0.02878	37.654	-6.9958	0.0014914	-0.00035379	-0.0020747
6.182	0.029925	35.872	-7.0594	0.0013408	-0.00026633	-0.0020112
6.184	0.030456	34.056	-7.1222	0.0011902	-0.00017887	-0.0019477
6.186	0.030263	32.209	-7.1843	0.0010396	-9.1405e-05	-0.0018842
6.188	0.029369	30.33	-7.2463	0.00088906	-3.943e-06	-0.0018208
6.19	0.027927	28.424	-7.3068	0.00056978	-3.7574e-05	-0.0016008
6.192	0.026182	26.49	-7.3673	0.0002505	-7.1206e-05	-0.0013808
6.194	0.024414	24.535	-7.4272	-6.8782e-05	-0.00010484	-0.0011609
6.196	0.022875	22.557	-7.4865	-0.00038806	-0.00013847	-0.00094089
6.198	0.021725	20.565	-7.5458	-0.00070734	-0.0001721	-0.00072092
6.2	0.020998	18.557	-7.6044	-0.0010454	-0.00026459	-0.00047444
6.202	0.02059	16.54	-7.6629	-0.0013834	-0.00035707	-0.00022795
6.204	0.020284	14.516	-7.7211	-0.0017214	-0.00044956	1.8531e-05
6.206	0.019802	12.492	-7.779	-0.0020595	-0.00054204	0.00026502
6.208	0.018871	10.469	-7.837	-0.0023975	-0.00063453	0.0005115
6.21	0.01729	8.4528	-7.894	-0.0024772	-0.00068776	0.00061462
6.212	0.014982	6.4451	-7.9509	-0.0025569	-0.000741	0.00071774
6.214	0.012019	4.4535	-8.0071	-0.0026367	-0.00079423	0.00082087
6.216	0.0086072	2.4779	-8.0623	-0.0027164	-0.00084747	0.00092399
6.218	0.0050514	0.52569	-8.1176	-0.0027961	-0.0009007	0.0010271
6.22	0.0016865	-1.4032	-8.17	-0.0025492	-0.00082246	0.000947
6.222	-0.0011921	-3.3025	-8.2224	-0.0023023	-0.00074422	0.00086689
6.224	-0.0033899	-5.1721	-8.2729	-0.0020554	-0.00066598	0.00078678
6.226	-0.0048506	-7.0071	-8.3215	-0.0018085	-0.00058774	0.00070666
6.228	-0.0056618	-8.8072	-8.3701	-0.0015615	-0.0005095	0.00062655
6.23	-0.0060263	-10.569	-8.4146	-0.0012627	-0.00029355	0.00049132
6.232	-0.0062074	-12.293	-8.4591	-0.00096389	-7.7592e-05	0.00035609
6.234	-0.0064623	-13.976	-8.5018	-0.00066506	0.00013836	0.00022086
6.236	-0.0069795	-15.619	-8.5426	-0.00036624	0.00035432	8.5627e-05
6.238	-0.0078358	-17.222	-8.5834	-6.741e-05	0.00057027	-4.9604e-05
6.24	-0.0089833	-18.784	-8.6217	-4.3741e-07	0.00079885	-0.00013404
6.242	-0.010269	-20.306	-8.66	6.6535e-05	0.0010274	-0.00021847
6.244	-0.011483	-21.79	-8.6977	0.00013351	0.001256	-0.0003029
6.246	-0.012417	-23.238	-8.7348	0.00020048	0.0014846	-0.00038733
6.248	-0.012931	-24.65	-8.7719	0.00026745	0.0017132	-0.00047177
6.25	-0.012988	-26.03	-8.8088	0.0001771	0.0017746	-0.00056129
6.252	-0.012668	-27.378	-8.8457	8.6743e-05	0.001836	-0.00065081
6.254	-0.012149	-28.7	-8.8827	-3.6127e-06	0.0018974	-0.00074034
6.256	-0.011654	-29.996	-8.9197	-9.3968e-05	0.0019588	-0.00082986
6.258	-0.011387	-31.272	-8.9567	-0.00018432	0.0020202	-0.00091939
6.26	-0.011466	-32.529	-8.9933	-0.00013314	0.001839	-0.0010991
6.262	-0.011886	-33.772	-9.03	-8.1963e-05	0.0016578	-0.0012788
6.264	-0.012503	-35.002	-9.0662	-3.0783e-05	0.0014766	-0.0014585
6.266	-0.01307	-36.226	-9.1018	2.0397e-05	0.0012954	-0.0016383
6.268	-0.013295	-37.444	-9.1374	7.1577e-05	0.0011142	-0.001818
6.27	-0.012928	-38.663	-9.1718	0.00031766	0.00082951	-0.0019997
6.272	-0.011844	-39.882	-9.2061	0.00056373	0.00054481	-0.0021814
6.274	-0.010093	-41.107	-9.2401	0.00080981	0.0002601	-0.0023632
6.276	-0.007922	-42.34	-9.2737	0.0010559	-2.46e-05	-0.0025449
6.278	-0.0057322	-43.584	-9.3074	0.001302	-0.0003093	-0.0027266
6.28	-0.0039948	-44.841	-9.3421	0.0014155	-0.0004137	-0.0026959
6.282	-0.0031326	-46.114	-9.3768	0.0015291	-0.0005181	-0.0026651
6.284	-0.0033965	-47.402	-9.4131	0.0016426	-0.00062249	-0.0026343
6.286	-0.0047649	-48.711	-9.451	0.0017561	-0.00072689	-0.0026036
6.288	-0.0068971	-50.038	-9.4889	0.0018697	-0.00083129	-0.0025728
6.29	-0.0091556	-51.387	-9.5318	0.0015678	-0.00058151	-0.0022573
6.292	-0.010704	-52.756	-9.5748	0.001266	-0.00033173	-0.0019418
6.294	-0.010663	-54.147	-9.6203	0.00096413	-8.1953e-05	-0.0016263
6.296	-0.0083063	-55.56	-9.6685	0.00066228	0.00016782	-0.0013108
6.298	-0.0032424	-56.994	-9.7166	0.00036043	0.0004176	-0.0009953
6.3	0.0044421	-58.449	-9.7682	-0.0001761	0.0008564	-0.00060594
6.302	0.014123	-59.923	-9.8197	-0.00071263	0.0012952	-0.00021659
6.304	0.024676	-61.416	-9.871	-0.0012492	0.001734	0.00017277
6.306	0.034623	-62.926	-9.9221	-0.0017857	0.0021728	0.00056213
6.308	0.042349	-64.453	-9.9733	-0.0023222	0.0026116	0.00095148
6.31	0.046369	-65.994	-10.02	-0.0026135	0.0028247	0.0011265
6.312	0.045596	-67.549	-10.066	-0.0029048	0.0030379	0.0013016
6.314	0.039546	-69.114	-10.108	-0.0031961	0.003251	0.0014766
6.316	0.028454	-70.69	-10.146	-0.0034874	0.0034641	0.0016517
6.318	0.013269	-72.273	-10.184	-0.0037787	0.0036773	0.0018267
6.32	-0.004471	-73.864	-10.213	-0.0035856	0.0034166	0.0017398
6.322	-0.022865	-75.459	-10.242	-0.0033926	0.003156	0.0016529
6.324	-0.03994	-77.058	-10.267	-0.0031996	0.0028954	0.001566
6.326	-0.053943	-78.659	-10.289	-0.0030066	0.0026347	0.0014791
6.328	-0.063608	-80.261	-10.311	-0.0028136	0.0023741	0.0013923
6.33	-0.068316	-81.864	-10.33	-0.002367	0.0018434	0.0012474
6.332	-0.068154	-83.466	-10.35	-0.0019205	0.0013127	0.0011025
6.334	-0.063855	-85.067	-10.371	-0.0014739	0.00078195	0.00095767
6.336	-0.056632	-86.667	-10.394	-0.0010274	0.00025123	0.00081281
6.338	-0.04794	-88.266	-10.417	-0.00058082	-0.00027948	0.00066795
6.34	-0.039228	-89.864	-10.448	-0.00025889	-0.00067268	0.00061505
6.342	-0.031701	-91.46	-10.478	6.3042e-05	-0.0010659	0.00056215
6.344	-0.026161	-93.056	-10.513	0.00038497	-0.0014591	0.00050926
6.346	-0.022925	-94.652	-10.553	0.0007069	-0.0018523	0.00045636
6.348	-0.021848	-96.249	-10.592	0.0010288	-0.0022455	0.00040347
6.35	-0.022419	-97.848	-10.637	0.0011069	-0.0023593	0.00036635
6.352	-0.02392	-99.45	-10.683	0.0011851	-0.0024731	0.00032924
6.354	-0.025601	-101.06	-10.728	0.0012632	-0.0025868	0.00029213
6.356	-0.026832	-102.67	-10.773	0.0013413	-0.0027006	0.00025501
6.358	-0.027221	-104.29	-10.819	0.0014194	-0.0028144	0.0002179
6.36	-0.026653	-105.91	-10.858	0.0013874	-0.0028205	0.0001024
6.362	-0.025279	-107.55	-10.897	0.0013553	-0.0028267	-1.3099e-05
6.364	-0.023437	-109.19	-10.93	0.0013233	-0.0028328	-0.0001286
6.366	-0.02155	-110.85	-10.958	0.0012912	-0.0028389	-0.0002441
6.368	-0.020018	-112.51	-10.986	0.0012592	-0.0028451	-0.00035959
6.37	-0.019122	-114.19	-11.002	0.001187	-0.0028517	-0.00042466
6.372	-0.018974	-115.89	-11.018	0.0011147	-0.0028583	-0.00048973
6.374	-0.01951	-117.59	-11.03	0.0010425	-0.0028649	-0.0005548
6.376	-0.020519	-119.31	-11.038	0.00097025	-0.0028715	-0.00061987
6.378	-0.021708	-121.04	-11.046	0.00089802	-0.0028781	-0.00068494
6.38	-0.022782	-122.79	-11.053	0.00066455	-0.0027401	-0.00049575
6.382	-0.023507	-124.54	-11.059	0.00043108	-0.0026021	-0.00030655
6.384	-0.023761	-126.31	-11.069	0.0001976	-0.0024641	-0.00011736
6.386	-0.023546	-128.09	-11.082	-3.5869e-05	-0.002326	7.1836e-05
6.388	-0.022978	-129.88	-11.094	-0.00026934	-0.002188	0.00026103
6.39	-0.022239	-131.67	-11.118	-0.00071478	-0.0017794	0.00062337
6.392	-0.021531	-133.47	-11.142	-0.0011602	-0.0013709	0.00098571
6.394	-0.021021	-135.27	-11.172	-0.0016057	-0.00096231	0.0013481
6.396	-0.020801	-137.07	-11.208	-0.0020511	-0.00055375	0.0017104
6.398	-0.020875	-138.87	-11.244	-0.0024965	-0.00014518	0.0020727
6.4	-0.021168	-140.66	-11.289	-0.0028739	0.00034105	0.002235
6.402	-0.021547	-142.45	-11.334	-0.0032512	0.00082728	0.0023973
6.404	-0.021866	-144.23	-11.381	-0.0036286	0.0013135	0.0025596
6.406	-0.022003	-146	-11.43	-0.0040059	0.0017997	0.0027219
6.408	-0.02189	-147.76	-11.48	-0.0043833	0.002286	0.0028842
6.41	-0.021529	-149.5	-11.528	-0.0042694	0.0024734	0.0026226
6.412	-0.020984	-151.22	-11.576	-0.0041555	0.0026609	0.0023609
6.414	-0.020364	-152.92	-11.622	-0.0040416	0.0028483	0.0020993
6.416	-0.019792	-154.6	-11.667	-0.0039277	0.0030357	0.0018376
6.418	-0.019371	-156.26	-11.712	-0.0038138	0.0032232	0.001576
6.42	-0.019165	-157.9	-11.756	-0.0031338	0.0029586	0.0011259
6.422	-0.019176	-159.51	-11.8	-0.0024538	0.0026941	0.00067589
6.424	-0.019357	-161.09	-11.846	-0.0017737	0.0024296	0.00022585
6.426	-0.019621	-162.66	-11.894	-0.0010937	0.002165	-0.00022418
6.428	-0.019866	-164.2	-11.942	-0.00041367	0.0019005	-0.00067421
6.43	-0.020002	-165.71	-12.001	0.00036385	0.0014232	-0.00087529
6.432	-0.019973	-167.21	-12.06	0.0011414	0.000946	-0.0010764
6.434	-0.019765	-168.68	-12.127	0.0019189	0.00046876	-0.0012774
6.436	-0.019408	-170.14	-12.2	0.0026964	-8.4775e-06	-0.0014785
6.438	-0.018965	-171.58	-12.274	0.0034739	-0.00048572	-0.0016796
6.44	-0.018511	-173.01	-12.361	0.0037514	-0.0007852	-0.0014971
6.442	-0.01811	-174.42	-12.448	0.0040289	-0.0010847	-0.0013147
6.444	-0.017805	-175.83	-12.539	0.0043063	-0.0013842	-0.0011322
6.446	-0.017599	-177.24	-12.633	0.0045838	-0.0016837	-0.00094973
6.448	-0.017464	-178.65	-12.727	0.0048613	-0.0019831	-0.00076728
6.45	-0.017342	-180.06	-12.816	0.0045116	-0.0019328	-0.00049383
6.452	-0.017171	-181.48	-12.906	0.0041618	-0.0018825	-0.00022038
6.454	-0.016894	-182.92	-12.985	0.0038121	-0.0018322	5.3074e-05
6.456	-0.016479	-184.36	-13.055	0.0034624	-0.0017818	0.00032652
6.458	-0.015923	-185.83	-13.125	0.0031127	-0.0017315	0.00059997
6.46	-0.015255	-187.31	-13.164	0.002536	-0.0015099	0.00062233
6.462	-0.014525	-188.82	-13.203	0.0019593	-0.0012884	0.00064468
6.464	-0.013792	-190.36	-13.221	0.0013826	-0.0010668	0.00066703
6.466	-0.013105	-191.93	-13.22	0.00080585	-0.00084528	0.00068939
6.468	-0.012496	-193.53	-13.219	0.00022914	-0.00062373	0.00071174
6.47	-0.011965	-195.15	-13.173	-0.00018373	-0.00052155	0.0004877
6.472	-0.011487	-196.82	-13.128	-0.0005966	-0.00041936	0.00026365
6.474	-0.011014	-198.51	-13.061	-0.0010095	-0.00031718	3.9613e-05
6.476	-0.010492	-200.23	-12.973	-0.0014223	-0.000215	-0.00018443
6.478	-0.0098728	-201.99	-12.884	-0.0018352	-0.00011281	-0.00040847
6.48	-0.0091241	-203.77	-12.753	-0.0020816	-0.00016621	-0.00054664
6.482	-0.0082391	-205.57	-12.623	-0.0023281	-0.0002196	-0.00068481
6.484	-0.0072357	-207.4	-12.471	-0.0025745	-0.000273	-0.00082298
6.486	-0.0061505	-209.24	-12.3	-0.0028209	-0.00032639	-0.00096116
6.488	-0.0050283	-211.09	-12.128	-0.0030674	-0.00037979	-0.0010993
6.49	-0.0039107	-212.94	-11.913	-0.0033113	-0.000316	-0.00084757
6.492	-0.0028251	-214.79	-11.698	-0.0035552	-0.00025222	-0.00059582
6.494	-0.0017793	-216.63	-11.459	-0.0037992	-0.00018844	-0.00034406
6.496	-0.00076092	-218.46	-11.197	-0.0040431	-0.00012465	-9.2303e-05
6.498	0.00025852	-220.25	-10.935	-0.004287	-6.087e-05	0.00015945
6.5	0.0013138	-222.01	-10.621	-0.0045073	0.00034276	0.00075181
6.502	0.0024357	-223.72	-10.308	-0.0047276	0.00074639	0.0013442
6.504	0.0036433	-225.38	-9.967	-0.0049478	0.00115	0.0019365
6.506	0.0049383	-226.97	-9.5996	-0.0051681	0.0015536	0.0025289
6.508	0.0063058	-228.49	-9.2322	-0.0053884	0.0019573	0.0031212
6.51	0.007718	-229.91	-8.8134	-0.0054085	0.0025351	0.0036407
6.512	0.0091433	-231.25	-8.3946	-0.0054287	0.003113	0.0041601
6.514	0.010555	-232.47	-7.9538	-0.0054488	0.0036908	0.0046795
6.516	0.011938	-233.58	-7.4912	-0.005469	0.0042687	0.0051989
6.518	0.013295	-234.55	-7.0286	-0.0054891	0.0048466	0.0057183
6.52	0.014641	-235.39	-6.5344	-0.0052077	0.0051565	0.0057348
6.522	0.016006	-236.09	-6.0402	-0.0049263	0.0054665	0.0057512
6.524	0.017417	-236.63	-5.5374	-0.0046449	0.0057764	0.0057677
6.526	0.018899	-237	-5.0259	-0.0043635	0.0060864	0.0057841
6.528	0.020463	-237.21	-4.5144	-0.0040821	0.0063963	0.0058006
6.53	0.022104	-237.24	-3.9993	-0.0035557	0.0061598	0.0052826
6.532	0.0238	-237.1	-3.4841	-0.0030293	0.0059233	0.0047646
6.534	0.025524	-236.76	-2.9723	-0.0025029	0.0056867	0.0042466
6.536	0.027244	-236.24	-2.4639	-0.0019765	0.0054502	0.0037286
6.538	0.028937	-235.52	-1.9555	-0.0014501	0.0052137	0.0032106
6.54	0.030595	-234.61	-1.4603	-0.00085667	0.0045895	0.0025554
6.542	0.032224	-233.5	-0.96517	-0.00026323	0.0039654	0.0019002
6.544	0.03385	-232.2	-0.47817	0.00033021	0.0033413	0.0012451
6.546	0.035504	-230.71	0.00066953	0.00092365	0.0027172	0.0005899
6.548	0.037219	-229.02	0.47951	0.0015171	0.0020931	-6.5269e-05
6.55	0.039021	-227.14	0.94062	0.0019538	0.0015015	-0.00044358
6.552	0.040917	-225.08	1.4017	0.0023904	0.00090984	-0.00082189
6.554	0.042895	-222.84	1.8531	0.0028271	0.0003182	-0.0012002
6.556	0.044925	-220.43	2.2947	0.0032638	-0.00027343	-0.0015785
6.558	0.046964	-217.85	2.7363	0.0037004	-0.00086507	-0.0019568
6.56	0.048969	-215.1	3.1549	0.0038777	-0.001151	-0.0019841
6.562	0.0509	-212.21	3.5736	0.0040551	-0.0014369	-0.0020114
6.564	0.052737	-209.16	3.9781	0.0042324	-0.0017228	-0.0020387
6.566	0.054479	-205.98	4.3685	0.0044097	-0.0020087	-0.0020659
6.568	0.056146	-202.66	4.7589	0.004587	-0.0022946	-0.0020932
6.57	0.057772	-199.23	5.1149	0.0046283	-0.0023253	-0.0019553
6.572	0.059396	-195.69	5.4708	0.0046697	-0.0023561	-0.0018173
6.574	0.061054	-192.04	5.8069	0.004711	-0.0023868	-0.0016794
6.576	0.062762	-188.3	6.123	0.0047523	-0.0024175	-0.0015414
6.578	0.064517	-184.47	6.4392	0.0047937	-0.0024483	-0.0014035
6.58	0.066292	-180.57	6.7123	0.0048651	-0.0023963	-0.0012638
6.582	0.068042	-176.6	6.9855	0.0049366	-0.0023443	-0.0011242
6.584	0.069712	-172.57	7.237	0.005008	-0.0022924	-0.00098461
6.586	0.071251	-168.48	7.467	0.0050794	-0.0022404	-0.00084499
6.588	0.072621	-164.35	7.697	0.0051509	-0.0021884	-0.00070537
6.59	0.073807	-160.19	7.8862	0.0052126	-0.0021156	-0.00060458
6.592	0.074818	-155.98	8.0755	0.0052742	-0.0020429	-0.00050378
6.594	0.07569	-151.76	8.2464	0.0053359	-0.0019701	-0.00040299
6.596	0.07647	-147.51	8.399	0.0053976	-0.0018973	-0.00030219
6.598	0.077211	-143.24	8.5516	0.0054593	-0.0018246	-0.00020139
6.6	0.077955	-138.96	8.6717	0.0053666	-0.0017292	-0.00014287
6.602	0.078722	-134.67	8.7918	0.0052739	-0.0016339	-8.4353e-05
6.604	0.079508	-130.37	8.8973	0.0051812	-0.0015385	-2.5833e-05
6.606	0.080278	-126.06	8.9882	0.0050885	-0.0014432	3.2687e-05
6.608	0.080979	-121.75	9.079	0.0049958	-0.0013478	9.1207e-05
6.61	0.081543	-117.44	9.1426	0.00481	-0.0013007	6.5449e-05
6.612	0.081907	-113.13	9.2061	0.0046242	-0.0012535	3.969e-05
6.614	0.082021	-108.81	9.2565	0.0044384	-0.0012064	1.3931e-05
6.616	0.081863	-104.5	9.2936	0.0042526	-0.0011592	-1.1828e-05
6.618	0.081437	-100.18	9.3307	0.0040668	-0.0011121	-3.7586e-05
6.62	0.080778	-95.863	9.3419	0.0040063	-0.0011779	-0.00018429
6.622	0.079942	-91.542	9.353	0.0039457	-0.0012438	-0.00033099
6.624	0.078992	-87.219	9.3518	0.0038851	-0.0013097	-0.00047768
6.626	0.077991	-82.892	9.338	0.0038246	-0.0013756	-0.00062438
6.628	0.076982	-78.562	9.3243	0.003764	-0.0014414	-0.00077108
6.63	0.075986	-74.228	9.2873	0.003785	-0.0015078	-0.00095122
6.632	0.074994	-69.89	9.2503	0.0038061	-0.0015742	-0.0011314
6.634	0.073974	-65.548	9.203	0.0038271	-0.0016405	-0.0013115
6.636	0.072872	-61.201	9.1452	0.0038481	-0.0017069	-0.0014916
6.638	0.07163	-56.852	9.0875	0.0038692	-0.0017733	-0.0016718
6.64	0.070193	-52.499	9.0117	0.0036041	-0.0016247	-0.0016811
6.642	0.068521	-48.145	8.9358	0.0033391	-0.0014762	-0.0016905
6.644	0.066596	-43.79	8.8523	0.0030741	-0.0013277	-0.0016999
6.646	0.064428	-39.439	8.761	0.002809	-0.0011791	-0.0017092
6.648	0.062048	-35.09	8.6697	0.002544	-0.0010306	-0.0017186
6.65	0.059502	-30.749	8.5651	0.0018487	-0.00064972	-0.0014622
6.652	0.056848	-26.416	8.4605	0.0011534	-0.00026885	-0.0012058
6.654	0.054139	-22.098	8.3503	0.00045809	0.00011203	-0.00094944
6.656	0.051419	-17.795	8.2345	-0.00023722	0.0004929	-0.00069306
6.658	0.048719	-13.514	8.1187	-0.00093252	0.00087378	-0.00043668
6.66	0.04605	-9.2556	7.9938	-0.0016313	0.0012017	-9.7864e-05
6.662	0.043409	-5.0281	7.8689	-0.0023301	0.0015296	0.00024095
6.664	0.040783	-0.83169	7.7407	-0.003029	0.0018575	0.00057976
6.666	0.038155	3.3246	7.6092	-0.0037278	0.0021854	0.00091857
6.668	0.035507	7.4407	7.4778	-0.0044266	0.0025133	0.0012574
6.67	0.032832	11.507	7.3427	-0.0045669	0.0025071	0.0013767
6.672	0.030132	15.525	7.2077	-0.0047073	0.002501	0.001496
6.674	0.027417	19.484	7.0723	-0.0048476	0.0024949	0.0016153
6.676	0.024711	23.385	6.9367	-0.004988	0.0024887	0.0017347
6.678	0.022038	27.22	6.8011	-0.0051283	0.0024826	0.001854
6.68	0.019424	30.988	6.6674	-0.00462	0.0021931	0.0016362
6.682	0.016891	34.684	6.5336	-0.0041116	0.0019036	0.0014185
6.684	0.014452	38.306	6.4016	-0.0036032	0.001614	0.0012007
6.686	0.012111	41.85	6.2713	-0.0030948	0.0013245	0.00098297
6.688	0.0098621	45.316	6.141	-0.0025865	0.001035	0.00076522
6.69	0.0076936	48.699	6.0143	-0.0018323	0.00073675	0.00036973
6.692	0.0055906	52.001	5.8877	-0.0010782	0.00043849	-2.5768e-05
6.694	0.0035395	55.22	5.7627	-0.00032401	0.00014022	-0.00042126
6.696	0.0015315	58.355	5.6392	0.00043014	-0.00015805	-0.00081675
6.698	-0.0004347	61.407	5.5157	0.0011843	-0.00045632	-0.0012122
6.7	-0.0023515	64.376	5.3946	0.0016875	-0.00061451	-0.0015053
6.702	-0.0042034	67.265	5.2735	0.0021906	-0.0007727	-0.0017984
6.704	-0.0059698	70.073	5.1534	0.0026938	-0.0009309	-0.0020915
6.706	-0.0076286	72.805	5.0344	0.0031969	-0.0010891	-0.0023846
6.708	-0.0091595	75.461	4.9154	0.0037001	-0.0012473	-0.0026776
6.71	-0.010549	78.046	4.7991	0.0036909	-0.001328	-0.0026853
6.712	-0.011794	80.56	4.6828	0.0036816	-0.0014087	-0.002693
6.714	-0.0129	83.01	4.5685	0.0036724	-0.0014894	-0.0027007
6.716	-0.013886	85.397	4.4563	0.0036632	-0.0015701	-0.0027084
6.718	-0.014776	87.727	4.3441	0.003654	-0.0016508	-0.002716
6.72	-0.015601	90	4.2376	0.0032421	-0.0017267	-0.0024895
6.722	-0.016389	92.225	4.1311	0.0028302	-0.0018027	-0.0022629
6.724	-0.017167	94.401	4.0279	0.0024183	-0.0018786	-0.0020364
6.726	-0.017949	96.536	3.928	0.0020064	-0.0019546	-0.0018098
6.728	-0.018742	98.63	3.828	0.0015945	-0.0020305	-0.0015832
6.73	-0.019539	100.69	3.7343	0.0011627	-0.002058	-0.001364
6.732	-0.020323	102.71	3.6405	0.00073091	-0.0020854	-0.0011448
6.734	-0.02107	104.71	3.5488	0.00029915	-0.0021129	-0.00092561
6.736	-0.021755	106.68	3.4593	-0.00013262	-0.0021403	-0.0007064
6.738	-0.022353	108.62	3.3697	-0.00056439	-0.0021678	-0.00048719
6.74	-0.022848	110.54	3.2815	-0.00071506	-0.0020615	-0.00047089
6.742	-0.023233	112.44	3.1932	-0.00086573	-0.0019552	-0.00045459
6.744	-0.023512	114.31	3.1039	-0.0010164	-0.0018489	-0.00043829
6.746	-0.023701	116.17	3.0137	-0.0011671	-0.0017426	-0.00042199
6.748	-0.023821	118	2.9234	-0.0013177	-0.0016364	-0.0004057
6.75	-0.023899	119.82	2.8286	-0.0012492	-0.0013945	-0.00052945
6.752	-0.023959	121.61	2.7337	-0.0011807	-0.0011527	-0.0006532
6.754	-0.024019	123.37	2.6358	-0.0011122	-0.0009109	-0.00077696
6.756	-0.02409	125.12	2.5348	-0.0010436	-0.00066908	-0.00090071
6.758	-0.024169	126.83	2.4338	-0.0009751	-0.00042726	-0.0010245
6.76	-0.024246	128.52	2.326	-0.00096506	-0.00017963	-0.001043
6.762	-0.0243	130.17	2.2183	-0.00095502	6.8007e-05	-0.0010615
6.764	-0.024309	131.78	2.107	-0.00094498	0.00031564	-0.00108
6.766	-0.02425	133.36	1.9922	-0.00093495	0.00056328	-0.0010985
6.768	-0.024106	134.9	1.8775	-0.00092491	0.00081091	-0.0011169
6.77	-0.02387	136.39	1.7552	-0.0010854	0.00087755	-0.0009005
6.772	-0.023544	137.83	1.633	-0.0012458	0.0009442	-0.00068406
6.774	-0.023139	139.22	1.5065	-0.0014063	0.0010108	-0.00046761
6.776	-0.022678	140.56	1.3758	-0.0015668	0.0010775	-0.00025116
6.778	-0.022184	141.83	1.2451	-0.0017272	0.0011441	-3.4714e-05
6.78	-0.021686	143.05	1.1047	-0.0018875	0.00095871	0.00027562
6.782	-0.021207	144.2	0.96437	-0.0020477	0.0007733	0.00058596
6.784	-0.020765	145.28	0.81901	-0.002208	0.00058789	0.0008963
6.786	-0.020369	146.3	0.66864	-0.0023682	0.00040247	0.0012066
6.788	-0.020022	147.24	0.51827	-0.0025285	0.00021706	0.001517
6.79	-0.019717	148.11	0.35956	-0.0025144	-5.48e-05	0.0016873
6.792	-0.019445	148.91	0.20086	-0.0025003	-0.00032666	0.0018577
6.794	-0.019193	149.64	0.040273	-0.0024863	-0.00059852	0.002028
6.796	-0.018946	150.29	-0.1222	-0.0024722	-0.00087037	0.0021983
6.798	-0.018695	150.87	-0.28468	-0.0024582	-0.0011422	0.0023687
6.8	-0.01843	151.38	-0.44354	-0.0023725	-0.0011985	0.0023362
6.802	-0.018149	151.82	-0.6024	-0.0022869	-0.0012548	0.0023038
6.804	-0.017851	152.19	-0.75494	-0.0022012	-0.001311	0.0022713
6.806	-0.017536	152.49	-0.90117	-0.0021156	-0.0013673	0.0022389
6.808	-0.01721	152.73	-1.0474	-0.0020299	-0.0014235	0.0022065
6.81	-0.016876	152.91	-1.1724	-0.0021197	-0.0011075	0.0020799
6.812	-0.01654	153.03	-1.2974	-0.0022094	-0.00079145	0.0019533
6.814	-0.016204	153.1	-1.4088	-0.0022992	-0.00047541	0.0018267
6.816	-0.015875	153.12	-1.5067	-0.002389	-0.00015936	0.0017001
6.818	-0.015554	153.09	-1.6046	-0.0024787	0.00015668	0.0015735
6.82	-0.015244	153.02	-1.6738	-0.0027399	0.00066252	0.0014148
6.822	-0.014946	152.91	-1.7431	-0.0030012	0.0011684	0.0012561
6.824	-0.01466	152.77	-1.7998	-0.0032624	0.0016742	0.0010974
6.826	-0.014385	152.6	-1.8438	-0.0035236	0.00218	0.00093866
6.828	-0.014119	152.41	-1.8879	-0.0037849	0.0026859	0.00077995
6.83	-0.013857	152.2	-1.9138	-0.0038824	0.0029825	0.00054907
6.832	-0.013598	151.97	-1.9397	-0.00398	0.0032792	0.0003182
6.834	-0.013338	151.73	-1.9609	-0.0040776	0.0035759	8.7333e-05
6.836	-0.013078	151.48	-1.9773	-0.0041751	0.0038726	-0.00014354
6.838	-0.012821	151.23	-1.9938	-0.0042727	0.0041692	-0.00037441
6.84	-0.012577	150.97	-2.0084	-0.0039645	0.0040044	-0.00061955
6.842	-0.012356	150.71	-2.023	-0.0036563	0.0038395	-0.0008647
6.844	-0.01217	150.46	-2.0388	-0.0033482	0.0036746	-0.0011098
6.846	-0.012035	150.21	-2.056	-0.00304	0.0035097	-0.001355
6.848	-0.011959	149.96	-2.0732	-0.0027318	0.0033449	-0.0016001
6.85	-0.011947	149.72	-2.0935	-0.002236	0.002869	-0.0016573
6.852	-0.011996	149.49	-2.1137	-0.0017401	0.0023931	-0.0017144
6.854	-0.012095	149.27	-2.1341	-0.0012443	0.0019172	-0.0017715
6.856	-0.012224	149.05	-2.1545	-0.00074843	0.0014413	-0.0018286
6.858	-0.01236	148.84	-2.175	-0.00025259	0.00096542	-0.0018857
6.86	-0.012478	148.64	-2.1912	-1.4175e-06	0.00059305	-0.0017067
6.862	-0.012557	148.44	-2.2074	0.00024975	0.00022068	-0.0015276
6.864	-0.012582	148.25	-2.2195	0.00050092	-0.0001517	-0.0013485
6.866	-0.012551	148.06	-2.2275	0.00075209	-0.00052407	-0.0011695
6.868	-0.012474	147.87	-2.2355	0.0010033	-0.00089644	-0.00099039
6.87	-0.012369	147.68	-2.2334	0.00091473	-0.00090605	-0.00083628
6.872	-0.012265	147.48	-2.2313	0.00082619	-0.00091566	-0.00068216
6.874	-0.012191	147.28	-2.2246	0.00073766	-0.00092527	-0.00052804
6.876	-0.012173	147.08	-2.2133	0.00064913	-0.00093488	-0.00037392
6.878	-0.012228	146.86	-2.202	0.0005606	-0.00094449	-0.00021981
6.88	-0.012358	146.64	-2.1845	0.00044929	-0.00072271	-0.00031268
6.882	-0.012552	146.4	-2.1669	0.00033798	-0.00050093	-0.00040556
6.884	-0.012786	146.15	-2.1478	0.00022667	-0.00027916	-0.00049843
6.886	-0.013023	145.89	-2.1273	0.00011536	-5.7379e-05	-0.00059131
6.888	-0.013229	145.61	-2.1068	4.049e-06	0.0001644	-0.00068419
6.89	-0.013369	145.32	-2.0856	0.00010089	0.00030897	-0.00085567
6.892	-0.013423	145.01	-2.0645	0.00019774	0.00045353	-0.0010272
6.894	-0.013384	144.69	-2.0429	0.00029459	0.0005981	-0.0011986
6.896	-0.013263	144.35	-2.0209	0.00039143	0.00074267	-0.0013701
6.898	-0.013088	143.99	-1.999	0.00048828	0.00088724	-0.0015416
6.9	-0.012896	143.62	-1.9737	0.00062389	0.00082542	-0.0014655
6.902	-0.012731	143.25	-1.9485	0.00075951	0.0007636	-0.0013895
6.904	-0.012629	142.86	-1.9196	0.00089512	0.00070179	-0.0013134
6.906	-0.01262	142.46	-1.8869	0.0010307	0.00063997	-0.0012373
6.908	-0.012714	142.06	-1.8543	0.0011664	0.00057815	-0.0011612
6.91	-0.012907	141.65	-1.81	0.0010867	0.00041487	-0.00084559
6.912	-0.013177	141.25	-1.7658	0.0010071	0.00025159	-0.00052993
6.914	-0.01349	140.85	-1.7145	0.00092745	8.831e-05	-0.00021427
6.916	-0.01381	140.45	-1.6561	0.00084782	-7.4971e-05	0.00010139
6.918	-0.0141	140.06	-1.5977	0.00076818	-0.00023825	0.00041705
6.92	-0.014335	139.69	-1.5249	0.00054699	-0.00037781	0.00061865
6.922	-0.014501	139.34	-1.4521	0.0003258	-0.00051737	0.00082026
6.924	-0.014599	139	-1.3734	0.00010461	-0.00065693	0.0010219
6.926	-0.014642	138.68	-1.2887	-0.00011658	-0.00079649	0.0012235
6.928	-0.014652	138.4	-1.2041	-0.00033777	-0.00093605	0.0014251
6.93	-0.01465	138.14	-1.112	-0.00042368	-0.0010303	0.0012998
6.932	-0.014656	137.91	-1.0199	-0.00050959	-0.0011246	0.0011745
6.934	-0.014679	137.71	-0.92687	-0.0005955	-0.0012188	0.0010493
6.936	-0.014718	137.55	-0.83279	-0.00068141	-0.0013131	0.000924
6.938	-0.014762	137.43	-0.73871	-0.00076732	-0.0014074	0.00079873
6.94	-0.014792	137.35	-0.64783	-0.00066211	-0.0014651	0.00056133
6.942	-0.014792	137.31	-0.55694	-0.00055691	-0.0015228	0.00032394
6.944	-0.014745	137.31	-0.46979	-0.0004517	-0.0015806	8.6547e-05
6.946	-0.014648	137.34	-0.38639	-0.0003465	-0.0016383	-0.00015085
6.948	-0.014509	137.42	-0.30299	-0.00024129	-0.0016961	-0.00038824
6.95	-0.014348	137.54	-0.23025	-0.00016958	-0.001683	-0.00040037
6.952	-0.014195	137.69	-0.15752	-9.7873e-05	-0.00167	-0.0004125
6.954	-0.014084	137.88	-0.091225	-2.6164e-05	-0.0016569	-0.00042463
6.956	-0.014044	138.11	-0.031382	4.5544e-05	-0.0016439	-0.00043676
6.958	-0.014094	138.37	0.02846	0.00011725	-0.0016308	-0.0004489
6.96	-0.014239	138.65	0.073838	1.5425e-05	-0.0015196	-0.00023811
6.962	-0.014468	138.96	0.11922	-8.6403e-05	-0.0014084	-2.7318e-05
6.964	-0.014754	139.3	0.15684	-0.00018823	-0.0012972	0.00018347
6.966	-0.01506	139.65	0.18672	-0.00029006	-0.001186	0.00039426
6.968	-0.015346	140.02	0.2166	-0.00039189	-0.0010748	0.00060505
6.97	-0.015576	140.4	0.23061	-0.00049957	-0.00093386	0.00071894
6.972	-0.015726	140.79	0.24462	-0.00060725	-0.00079296	0.00083284
6.974	-0.01579	141.17	0.251	-0.00071493	-0.00065206	0.00094673
6.976	-0.015777	141.56	0.24973	-0.0008226	-0.00051115	0.0010606
6.978	-0.015712	141.94	0.24847	-0.00093028	-0.00037025	0.0011745
6.98	-0.015629	142.32	0.23372	-0.00080992	-0.00034542	0.0010313
6.982	-0.015562	142.67	0.21897	-0.00068956	-0.00032058	0.00088808
6.984	-0.015541	143.02	0.19895	-0.00056919	-0.00029575	0.00074486
6.986	-0.015584	143.34	0.17364	-0.00044883	-0.00027091	0.00060164
6.988	-0.015692	143.64	0.14834	-0.00032846	-0.00024608	0.00045842
6.99	-0.015852	143.91	0.11608	-3.8846e-05	-0.00038242	0.00031043
6.992	-0.016037	144.16	0.083815	0.00025077	-0.00051876	0.00016245
6.994	-0.016215	144.37	0.049829	0.00054039	-0.0006551	1.4459e-05
6.996	-0.016357	144.55	0.014121	0.00083	-0.00079144	-0.00013353
6.998	-0.01644	144.7	-0.021587	0.0011196	-0.00092779	-0.00028151
7	-0.016455	144.81	-0.058079	0.0012631	-0.0010227	-0.0001267
7.002	-0.016408	144.89	-0.094572	0.0014067	-0.0011177	2.8107e-05
7.004	-0.016318	144.94	-0.13078	0.0015502	-0.0012127	0.00018292
7.006	-0.016216	144.94	-0.16671	0.0016937	-0.0013076	0.00033773
7.008	-0.016134	144.92	-0.20264	0.0018373	-0.0014026	0.00049254
7.01	-0.016101	144.86	-0.23792	0.0016792	-0.0011919	0.00083917
7.012	-0.016136	144.77	-0.2732	0.0015212	-0.00098117	0.0011858
7.014	-0.016247	144.65	-0.30848	0.0013632	-0.00077046	0.0015324
7.016	-0.016428	144.5	-0.34377	0.0012052	-0.00055975	0.0018791
7.018	-0.016661	144.32	-0.37905	0.0010472	-0.00034904	0.0022257
7.02	-0.016922	144.12	-0.41497	0.00082742	9.8137e-05	0.0023398
7.022	-0.017183	143.9	-0.4509	0.00060767	0.00054531	0.0024539
7.024	-0.017421	143.66	-0.48715	0.00038792	0.00099249	0.0025681
7.026	-0.01762	143.4	-0.52373	0.00016817	0.0014397	0.0026822
7.028	-0.017769	143.13	-0.56031	-5.1579e-05	0.0018868	0.0027963
7.03	-0.017869	142.85	-0.59686	1.0556e-06	0.0021405	0.0024963
7.032	-0.017922	142.56	-0.63341	5.3691e-05	0.0023941	0.0021963
7.034	-0.017936	142.26	-0.66949	0.00010633	0.0026478	0.0018963
7.036	-0.017917	141.96	-0.70509	0.00015896	0.0029014	0.0015964
7.038	-0.017871	141.65	-0.7407	0.0002116	0.0031551	0.0012964
7.04	-0.017799	141.35	-0.7751	0.00054342	0.0029079	0.00086791
7.042	-0.017706	141.04	-0.8095	0.00087524	0.0026607	0.00043946
7.044	-0.017597	140.74	-0.84393	0.0012071	0.0024136	1.1e-05
7.046	-0.01748	140.44	-0.8784	0.0015389	0.0021664	-0.00041746
7.048	-0.01737	140.14	-0.91286	0.0018707	0.0019193	-0.00084591
7.05	-0.017285	139.85	-0.95055	0.0022007	0.0013573	-0.0010389
7.052	-0.017244	139.56	-0.98823	0.0025306	0.0007953	-0.0012319
7.054	-0.017263	139.27	-1.0298	0.0028606	0.00023332	-0.0014248
7.056	-0.01735	138.98	-1.0753	0.0031906	-0.00032867	-0.0016178
7.058	-0.017497	138.7	-1.1209	0.0035205	-0.00089066	-0.0018108
7.06	-0.017685	138.41	-1.1791	0.0036219	-0.001288	-0.0017289
7.062	-0.01788	138.12	-1.2373	0.0037233	-0.0016853	-0.0016471
7.064	-0.018037	137.82	-1.3037	0.0038246	-0.0020826	-0.0015653
7.066	-0.018113	137.52	-1.3781	0.003926	-0.0024799	-0.0014834
7.068	-0.018069	137.21	-1.4526	0.0040274	-0.0028772	-0.0014016
7.07	-0.017886	136.88	-1.5441	0.0038553	-0.0027989	-0.001241
7.072	-0.017563	136.54	-1.6356	0.0036832	-0.0027206	-0.0010803
7.074	-0.017124	136.18	-1.7343	0.0035111	-0.0026423	-0.00091972
7.076	-0.016615	135.8	-1.8402	0.003339	-0.002564	-0.00075909
7.078	-0.016093	135.39	-1.9462	0.0031669	-0.0024857	-0.00059845
7.08	-0.015614	134.96	-2.061	0.00279	-0.0020252	-0.00050116
7.082	-0.015228	134.49	-2.1759	0.002413	-0.0015648	-0.00040387
7.084	-0.014963	134	-2.2917	0.0020361	-0.0011044	-0.00030658
7.086	-0.014824	133.47	-2.4084	0.0016591	-0.00064396	-0.00020929
7.088	-0.014789	132.9	-2.5252	0.0012822	-0.00018353	-0.000112
7.09	-0.014818	132.29	-2.6372	0.00088378	0.00027372	-0.00011447
7.092	-0.014863	131.64	-2.7493	0.00048539	0.00073098	-0.00011694
7.094	-0.014877	130.94	-2.8567	8.7003e-05	0.0011882	-0.0001194
7.096	-0.014829	130.2	-2.9596	-0.00031139	0.0016455	-0.00012187
7.098	-0.01471	129.42	-3.0625	-0.00070978	0.0021027	-0.00012434
7.1	-0.014532	128.59	-3.1548	-0.00089425	0.0022185	-0.00023383
7.102	-0.014324	127.71	-3.247	-0.0010787	0.0023344	-0.00034332
7.104	-0.014125	126.79	-3.3346	-0.0012632	0.0024502	-0.0004528
7.106	-0.013966	125.82	-3.4176	-0.0014477	0.002566	-0.00056229
7.108	-0.01386	124.8	-3.5005	-0.0016321	0.0026818	-0.00067178
7.11	-0.013796	123.74	-3.5771	-0.0015649	0.0024823	-0.00083169
7.112	-0.013736	122.64	-3.6537	-0.0014977	0.0022828	-0.0009916
7.114	-0.013624	121.49	-3.7285	-0.0014304	0.0020833	-0.0011515
7.116	-0.013397	120.31	-3.8016	-0.0013632	0.0018838	-0.0013114
7.118	-0.013	119.09	-3.8747	-0.001296	0.0016843	-0.0014713
7.12	-0.012408	117.83	-3.9459	-0.0012182	0.0015083	-0.0015342
7.122	-0.01163	116.54	-4.0171	-0.0011405	0.0013322	-0.0015971
7.124	-0.010717	115.22	-4.0873	-0.0010628	0.0011562	-0.00166
7.126	-0.0097524	113.88	-4.1564	-0.00098504	0.00098017	-0.0017229
7.128	-0.0088334	112.51	-4.2254	-0.00090731	0.00080415	-0.0017858
7.13	-0.0080524	111.12	-4.2909	-0.0010221	0.00085561	-0.0016435
7.132	-0.0074725	109.7	-4.3563	-0.001137	0.00090707	-0.0015011
7.134	-0.0071093	108.28	-4.4192	-0.0012518	0.00095853	-0.0013588
7.136	-0.0069231	106.83	-4.4795	-0.0013667	0.00101	-0.0012165
7.138	-0.0068236	105.38	-4.5398	-0.0014815	0.0010615	-0.0010741
7.14	-0.0066874	103.91	-4.5948	-0.001654	0.0011274	-0.00079219
7.142	-0.0063845	102.44	-4.6499	-0.0018265	0.0011934	-0.00051023
7.144	-0.005808	100.97	-4.7035	-0.001999	0.0012593	-0.00022827
7.146	-0.0049011	99.488	-4.7557	-0.0021716	0.0013253	5.3684e-05
7.148	-0.003673	98.004	-4.8078	-0.0023441	0.0013913	0.00033564
7.15	-0.0021996	96.52	-4.8614	-0.0022749	0.0011654	0.00056616
7.152	-0.00060825	95.034	-4.9149	-0.0022058	0.00093949	0.00079667
7.154	0.00095179	93.549	-4.9718	-0.0021367	0.0007136	0.0010272
7.156	0.0023457	92.063	-5.0321	-0.0020676	0.00048772	0.0012577
7.158	0.0034887	90.576	-5.0924	-0.0019985	0.00026183	0.0014882
7.16	0.0043723	89.09	-5.1639	-0.0016479	-0.0001695	0.0015299
7.162	0.0050721	87.602	-5.2353	-0.0012973	-0.00060083	0.0015715
7.164	0.0057358	86.112	-5.3131	-0.0009467	-0.0010322	0.0016132
7.166	0.0065517	84.619	-5.3974	-0.00059611	-0.0014635	0.0016548
7.168	0.0077039	83.123	-5.4817	-0.00024553	-0.0018948	0.0016965
7.17	0.0093248	81.62	-5.5768	7.1849e-05	-0.0021329	0.0015875
7.172	0.011455	80.11	-5.6719	0.00038923	-0.002371	0.0014786
7.174	0.01402	78.591	-5.7699	0.00070661	-0.002609	0.0013697
7.176	0.016836	77.063	-5.8706	0.001024	-0.0028471	0.0012608
7.178	0.019636	75.522	-5.9713	0.0013414	-0.0030852	0.0011519
7.18	0.022124	73.967	-6.0703	0.0013169	-0.0029429	0.0010459
7.182	0.024034	72.397	-6.1694	0.0012924	-0.0028006	0.00093982
7.184	0.02519	70.81	-6.2641	0.0012679	-0.0026583	0.00083377
7.186	0.02555	69.204	-6.3546	0.0012434	-0.002516	0.00072772
7.188	0.025223	67.579	-6.445	0.001219	-0.0023737	0.00062167
7.19	0.024453	65.932	-6.5222	0.00090855	-0.0020825	0.00060022
7.192	0.023573	64.264	-6.5993	0.00059815	-0.0017914	0.00057877
7.194	0.022934	62.573	-6.6692	0.00028775	-0.0015002	0.00055733
7.196	0.022837	60.859	-6.7319	-2.266e-05	-0.001209	0.00053588
7.198	0.023456	59.122	-6.7945	-0.00033306	-0.00091784	0.00051443
7.2	0.024806	57.362	-6.8449	-0.00058553	-0.00079005	0.00049506
7.202	0.026726	55.579	-6.8953	-0.000838	-0.00066227	0.0004757
7.204	0.028913	53.773	-6.9419	-0.0010905	-0.00053448	0.00045634
7.206	0.030982	51.946	-6.9845	-0.0013429	-0.0004067	0.00043697
7.208	0.032549	50.098	-7.0272	-0.0015954	-0.00027891	0.00041761
7.21	0.033305	48.232	-7.0671	-0.0015619	-0.00034614	0.00028226
7.212	0.033093	46.348	-7.107	-0.0015285	-0.00041338	0.00014692
7.214	0.031933	44.45	-7.1474	-0.001495	-0.00048061	1.1567e-05
7.216	0.030021	42.538	-7.1882	-0.0014615	-0.00054785	-0.00012378
7.218	0.027683	40.616	-7.229	-0.0014281	-0.00061508	-0.00025913
7.22	0.025302	38.684	-7.272	-0.0012177	-0.00067629	-0.0004801
7.222	0.023231	36.749	-7.3151	-0.0010073	-0.0007375	-0.00070107
7.224	0.021713	34.809	-7.3588	-0.00079699	-0.00079871	-0.00092203
7.226	0.020825	32.87	-7.4032	-0.00058663	-0.00085992	-0.001143
7.228	0.02046	30.932	-7.4476	-0.00037628	-0.00092113	-0.001364
7.23	0.020356	29.001	-7.4911	-0.00022626	-0.00084045	-0.0014944
7.232	0.02015	27.076	-7.5345	-7.625e-05	-0.00075976	-0.0016248
7.234	0.019473	25.164	-7.5765	7.3763e-05	-0.00067907	-0.0017552
7.236	0.018028	23.264	-7.617	0.00022378	-0.00059838	-0.0018857
7.238	0.015671	21.38	-7.6574	0.00037379	-0.0005177	-0.0020161
7.24	0.012443	19.514	-7.6939	0.00038202	-0.00035452	-0.0019195
7.242	0.0085701	17.668	-7.7304	0.00039025	-0.00019134	-0.0018229
7.244	0.0044161	15.842	-7.7653	0.00039848	-2.8165e-05	-0.0017263
7.246	0.00040694	14.041	-7.7985	0.00040671	0.00013501	-0.0016297
7.248	-0.0030599	12.262	-7.8318	0.00041494	0.00029819	-0.0015331
7.25	-0.0056989	10.51	-7.8637	0.00034964	0.0004263	-0.0012739
7.252	-0.0073934	8.7823	-7.8956	0.00028433	0.00055441	-0.0010147
7.254	-0.0082137	7.0806	-7.9279	0.00021903	0.00068251	-0.00075551
7.256	-0.0083919	5.4046	-7.9604	0.00015372	0.00081062	-0.00049632
7.258	-0.0082619	3.7535	-7.993	8.8419e-05	0.00093873	-0.00023713
7.26	-0.0081772	2.1272	-8.027	3.692e-05	0.00097972	-4.8748e-05
7.262	-0.0084274	0.52367	-8.061	-1.4579e-05	0.0010207	0.00013963
7.264	-0.0091731	-1.0572	-8.0952	-6.6078e-05	0.0010617	0.00032802
7.266	-0.010415	-2.6188	-8.1295	-0.00011758	0.0011027	0.0005164
7.268	-0.012005	-4.161	-8.1638	-0.00016908	0.0011437	0.00070478
7.27	-0.01369	-5.6882	-8.1957	-0.0001332	0.0010705	0.00064127
7.272	-0.015184	-7.2003	-8.2275	-9.7328e-05	0.00099732	0.00057776
7.274	-0.016248	-8.7025	-8.2564	-6.1454e-05	0.00092414	0.00051425
7.276	-0.016752	-10.195	-8.2823	-2.558e-05	0.00085096	0.00045074
7.278	-0.016706	-11.683	-8.3082	1.0294e-05	0.00077777	0.00038723
7.28	-0.016255	-13.166	-8.3259	0.00014076	0.00057743	0.00013934
7.282	-0.015639	-14.651	-8.3435	0.00027123	0.00037709	-0.00010855
7.284	-0.015119	-16.138	-8.3572	0.0004017	0.00017675	-0.00035644
7.286	-0.014901	-17.631	-8.3668	0.00053216	-2.3585e-05	-0.00060433
7.288	-0.015078	-19.132	-8.3764	0.00066263	-0.00022392	-0.00085222
7.29	-0.015592	-20.645	-8.3816	0.00076763	-0.00044623	-0.0010463
7.292	-0.01625	-22.17	-8.3868	0.00087264	-0.00066854	-0.0012404
7.294	-0.016775	-23.712	-8.3931	0.00097764	-0.00089084	-0.0014345
7.296	-0.016883	-25.271	-8.4004	0.0010826	-0.0011132	-0.0016285
7.298	-0.016376	-26.851	-8.4078	0.0011876	-0.0013355	-0.0018226
7.3	-0.015214	-28.451	-8.4251	0.0011707	-0.0013777	-0.0018259
7.302	-0.013547	-30.075	-8.4425	0.0011539	-0.0014199	-0.0018292
7.304	-0.011702	-31.721	-8.4683	0.001137	-0.0014621	-0.0018324
7.306	-0.010109	-33.392	-8.5025	0.0011201	-0.0015043	-0.0018357
7.308	-0.0091932	-35.088	-8.5367	0.0011032	-0.0015466	-0.001839
7.31	-0.0092469	-36.807	-8.5911	0.0010771	-0.0013384	-0.0017177
7.312	-0.010321	-38.551	-8.6456	0.0010511	-0.0011303	-0.0015965
7.314	-0.012156	-40.319	-8.7096	0.0010251	-0.00092222	-0.0014752
7.316	-0.014189	-42.109	-8.7832	0.00099904	-0.00071411	-0.001354
7.318	-0.015632	-43.92	-8.8567	0.000973	-0.000506	-0.0012327
7.32	-0.015617	-45.752	-8.9431	0.0011011	-0.00022452	-0.0010982
7.322	-0.013389	-47.6	-9.0296	0.0012292	5.6962e-05	-0.00096375
7.324	-0.0085008	-49.466	-9.1178	0.0013573	0.00033845	-0.00082926
7.326	-0.0009647	-51.344	-9.2077	0.0014854	0.00061993	-0.00069477
7.328	0.0086629	-53.235	-9.2977	0.0016136	0.00090141	-0.00056028
7.33	0.019305	-55.133	-9.3809	0.0018287	0.0010274	-0.00045712
7.332	0.02949	-57.039	-9.4642	0.0020439	0.0011533	-0.00035396
7.334	0.037572	-58.947	-9.5399	0.0022591	0.0012792	-0.0002508
7.336	0.041998	-60.856	-9.6082	0.0024742	0.0014052	-0.00014764
7.338	0.041587	-62.762	-9.6764	0.0026894	0.0015311	-4.4481e-05
7.34	0.03576	-64.665	-9.7254	0.0027816	0.0014583	-1.9181e-05
7.342	0.024672	-66.558	-9.7744	0.0028738	0.0013854	6.1181e-06
7.344	0.0092301	-68.443	-9.8141	0.0029661	0.0013125	3.1418e-05
7.346	-0.0090254	-70.313	-9.8446	0.0030583	0.0012397	5.6717e-05
7.348	-0.028143	-72.169	-9.875	0.0031505	0.0011668	8.2017e-05
7.35	-0.046061	-74.008	-9.8914	0.0030596	0.0010259	-2.7859e-05
7.352	-0.060916	-75.827	-9.9079	0.0029686	0.000885	-0.00013774
7.354	-0.071326	-77.626	-9.9207	0.0028777	0.00074409	-0.00024761
7.356	-0.076582	-79.402	-9.9298	0.0027867	0.00060319	-0.00035749
7.358	-0.076713	-81.155	-9.939	0.0026958	0.00046228	-0.00046736
7.36	-0.072439	-82.883	-9.9469	0.0025301	0.00037514	-0.00064906
7.362	-0.065	-84.586	-9.9549	0.0023643	0.00028799	-0.00083076
7.364	-0.055918	-86.264	-9.9641	0.0021986	0.00020085	-0.0010125
7.366	-0.046721	-87.916	-9.9744	0.0020329	0.00011371	-0.0011942
7.368	-0.038698	-89.542	-9.9847	0.0018672	2.6568e-05	-0.0013759
7.37	-0.032716	-91.143	-9.9972	0.0017185	-1.5445e-05	-0.0014482
7.372	-0.02913	-92.72	-10.01	0.0015699	-5.7458e-05	-0.0015206
7.374	-0.027799	-94.274	-10.022	0.0014213	-9.9471e-05	-0.001593
7.376	-0.028191	-95.805	-10.033	0.0012726	-0.00014148	-0.0016654
7.378	-0.029549	-97.315	-10.045	0.001124	-0.0001835	-0.0017378
7.38	-0.031074	-98.805	-10.051	0.0010175	-0.00026842	-0.0016252
7.382	-0.032102	-100.28	-10.057	0.00091106	-0.00035334	-0.0015127
7.384	-0.032222	-101.73	-10.058	0.00080459	-0.00043827	-0.0014002
7.386	-0.031327	-103.18	-10.055	0.00069812	-0.00052319	-0.0012876
7.388	-0.029594	-104.6	-10.053	0.00059165	-0.00060811	-0.0011751
7.39	-0.027406	-106.02	-10.04	0.00053461	-0.00073178	-0.00101
7.392	-0.025233	-107.43	-10.028	0.00047756	-0.00085544	-0.00084485
7.394	-0.023515	-108.83	-10.013	0.00042052	-0.00097911	-0.00067973
7.396	-0.022553	-110.23	-9.9942	0.00036347	-0.0011028	-0.00051461
7.398	-0.022459	-111.62	-9.9757	0.00030643	-0.0012264	-0.00034948
7.4	-0.02314	-113.02	-9.9571	0.00026476	-0.0012058	-0.00026356
7.402	-0.024343	-114.41	-9.9384	0.0002231	-0.0011852	-0.00017765
7.404	-0.025725	-115.8	-9.9233	0.00018143	-0.0011646	-9.173e-05
7.406	-0.026942	-117.19	-9.9117	0.00013977	-0.001144	-5.8131e-06
7.408	-0.027727	-118.59	-9.9	9.8103e-05	-0.0011234	8.0104e-05
7.41	-0.027944	-119.99	-9.9011	-1.0893e-05	-0.00077211	0.00013342
7.412	-0.027608	-121.4	-9.9022	-0.00011989	-0.0004208	0.00018674
7.414	-0.026863	-122.81	-9.9109	-0.00022889	-6.9496e-05	0.00024006
7.416	-0.025937	-124.22	-9.9271	-0.00033788	0.00028181	0.00029338
7.418	-0.025075	-125.64	-9.9433	-0.00044688	0.00063312	0.00034669
7.42	-0.024481	-127.07	-9.9729	-0.00064704	0.0012184	0.00044552
7.422	-0.024269	-128.5	-10.003	-0.00084719	0.0018037	0.00054434
7.424	-0.024445	-129.94	-10.036	-0.0010474	0.002389	0.00064316
7.426	-0.024914	-131.38	-10.075	-0.0012475	0.0029743	0.00074199
7.428	-0.025509	-132.82	-10.113	-0.0014477	0.0035595	0.00084081
7.43	-0.026046	-134.27	-10.154	-0.0016264	0.003983	0.00091529
7.432	-0.026362	-135.72	-10.196	-0.0018051	0.0044064	0.00098977
7.434	-0.026361	-137.17	-10.236	-0.0019839	0.0048298	0.0010642
7.436	-0.026034	-138.62	-10.277	-0.0021626	0.0052532	0.0011387
7.438	-0.025449	-140.07	-10.317	-0.0023413	0.0056767	0.0012132
7.44	-0.024738	-141.52	-10.357	-0.0023343	0.0055932	0.0011803
7.442	-0.024054	-142.97	-10.396	-0.0023274	0.0055098	0.0011474
7.444	-0.023538	-144.42	-10.437	-0.0023204	0.0054264	0.0011144
7.446	-0.023281	-145.86	-10.48	-0.0023134	0.005343	0.0010815
7.448	-0.023308	-147.31	-10.522	-0.0023064	0.0052596	0.0010486
7.45	-0.023578	-148.75	-10.576	-0.0020512	0.0046861	0.0010212
7.452	-0.023994	-150.18	-10.629	-0.001796	0.0041126	0.0009937
7.454	-0.024435	-151.62	-10.692	-0.0015408	0.0035391	0.00096626
7.456	-0.02478	-153.05	-10.763	-0.0012855	0.0029656	0.00093881
7.458	-0.024942	-154.49	-10.835	-0.0010303	0.0023921	0.00091136
7.46	-0.024878	-155.92	-10.93	-0.00065469	0.0016128	0.0010854
7.462	-0.024599	-157.36	-11.025	-0.00027907	0.00083338	0.0012594
7.464	-0.024155	-158.79	-11.131	9.6554e-05	5.4006e-05	0.0014334
7.466	-0.02362	-160.23	-11.249	0.00047218	-0.00072537	0.0016075
7.468	-0.023069	-161.68	-11.367	0.0008478	-0.0015047	0.0017815
7.47	-0.022556	-163.13	-11.5	0.0010483	-0.0022093	0.0021286
7.472	-0.022103	-164.59	-11.633	0.0012489	-0.0029139	0.0024757
7.474	-0.0217	-166.07	-11.768	0.0014494	-0.0036184	0.0028228
7.476	-0.021304	-167.55	-11.903	0.0016499	-0.004323	0.0031699
7.478	-0.020863	-169.06	-12.039	0.0018504	-0.0050275	0.0035171
7.48	-0.020327	-170.57	-12.16	0.0016097	-0.0054203	0.0037351
7.482	-0.019665	-172.11	-12.282	0.0013691	-0.0058131	0.0039531
7.484	-0.018874	-173.67	-12.388	0.0011284	-0.0062059	0.0041711
7.486	-0.017979	-175.25	-12.478	0.00088766	-0.0065987	0.0043891
7.488	-0.017026	-176.86	-12.569	0.00064697	-0.0069915	0.0046071
7.49	-0.016067	-178.49	-12.615	3.7017e-05	-0.0068313	0.0044541
7.492	-0.015148	-180.15	-12.662	-0.00057293	-0.006671	0.0043011
7.494	-0.014296	-181.84	-12.681	-0.0011829	-0.0065107	0.0041481
7.496	-0.013507	-183.55	-12.675	-0.0017928	-0.0063505	0.0039951
7.498	-0.012756	-185.29	-12.668	-0.0024028	-0.0061902	0.0038421
7.5	-0.011997	-187.06	-12.605	-0.0029485	-0.0054493	0.003453
7.502	-0.011177	-188.85	-12.542	-0.0034943	-0.0047083	0.0030639
7.504	-0.010253	-190.67	-12.451	-0.0040401	-0.0039674	0.0026747
7.506	-0.0092026	-192.5	-12.332	-0.0045858	-0.0032264	0.0022856
7.508	-0.0080258	-194.36	-12.213	-0.0051316	-0.0024855	0.0018964
7.51	-0.0067502	-196.24	-12.041	-0.0052932	-0.0015878	0.0016482
7.512	-0.0054206	-198.12	-11.87	-0.0054549	-0.00069015	0.0013999
7.514	-0.0040883	-200.02	-11.673	-0.0056165	0.00020752	0.0011517
7.516	-0.0027982	-201.91	-11.452	-0.0057782	0.0011052	0.00090339
7.518	-0.0015782	-203.81	-11.231	-0.0059398	0.0020029	0.00065512
7.52	-0.0004326	-205.69	-10.963	-0.0058945	0.0024605	0.00072941
7.522	0.00065716	-207.56	-10.695	-0.0058492	0.0029182	0.0008037
7.524	0.0017271	-209.41	-10.404	-0.0058038	0.0033759	0.00087799
7.526	0.0028208	-211.22	-10.09	-0.0057585	0.0038336	0.00095228
7.528	0.0039778	-213	-9.7766	-0.0057132	0.0042913	0.0010266
7.53	0.0052247	-214.72	-9.4189	-0.0057913	0.004156	0.001228
7.532	0.0065694	-216.4	-9.0612	-0.0058693	0.0040208	0.0014295
7.534	0.008001	-218	-8.6828	-0.0059474	0.0038856	0.0016309
7.536	0.0094945	-219.53	-8.2835	-0.0060254	0.0037503	0.0018324
7.538	0.01102	-220.98	-7.8843	-0.0061035	0.0036151	0.0020338
7.54	0.012549	-222.33	-7.448	-0.0062061	0.0033109	0.0020556
7.542	0.014068	-223.58	-7.0117	-0.0063086	0.0030067	0.0020773
7.544	0.015574	-224.72	-6.5603	-0.0064111	0.0027025	0.002099
7.546	0.017081	-225.73	-6.0938	-0.0065137	0.0023982	0.0021207
7.548	0.01861	-226.61	-5.6272	-0.0066162	0.002094	0.0021425
7.55	0.020186	-227.35	-5.139	-0.0063388	0.0020309	0.0019008
7.552	0.021823	-227.95	-4.6509	-0.0060614	0.0019678	0.0016591
7.554	0.023525	-228.38	-4.1566	-0.0057839	0.0019047	0.0014175
7.556	0.025279	-228.65	-3.6563	-0.0055065	0.0018415	0.0011758
7.558	0.02706	-228.75	-3.156	-0.0052291	0.0017784	0.00093412
7.56	0.028835	-228.67	-2.6526	-0.0045211	0.0018454	0.00060993
7.562	0.030575	-228.41	-2.1493	-0.0038131	0.0019124	0.00028574
7.564	0.032263	-227.96	-1.6485	-0.0031052	0.0019794	-3.8446e-05
7.566	0.033898	-227.31	-1.1501	-0.0023972	0.0020463	-0.00036264
7.568	0.035499	-226.47	-0.65176	-0.0016892	0.0021133	-0.00068683
7.57	0.037103	-225.43	-0.16494	-0.0010215	0.0019356	-0.00086035
7.572	0.038754	-224.19	0.32187	-0.00035367	0.0017579	-0.0010339
7.574	0.040497	-222.75	0.80026	0.00031411	0.0015803	-0.0012074
7.576	0.042363	-221.11	1.2702	0.00098189	0.0014026	-0.0013809
7.578	0.044361	-219.27	1.7402	0.0016497	0.0012249	-0.0015544
7.58	0.046477	-217.23	2.1886	0.0018632	0.00072974	-0.0015045
7.582	0.048672	-214.99	2.6371	0.0020768	0.0002346	-0.0014545
7.584	0.050893	-212.56	3.0726	0.0022904	-0.00026054	-0.0014045
7.586	0.053079	-209.94	3.4951	0.002504	-0.00075568	-0.0013546
7.588	0.055177	-207.14	3.9175	0.0027176	-0.0012508	-0.0013046
7.59	0.05715	-204.17	4.3096	0.0025974	-0.0017622	-0.0011402
7.592	0.058985	-201.02	4.7016	0.0024773	-0.0022736	-0.00097583
7.594	0.060693	-197.71	5.0762	0.0023572	-0.002785	-0.00081144
7.596	0.062306	-194.25	5.4334	0.0022371	-0.0032964	-0.00064705
7.598	0.063867	-190.64	5.7907	0.002117	-0.0038077	-0.00048267
7.6	0.065418	-186.88	6.1094	0.0020623	-0.0040384	-0.00033446
7.602	0.066994	-183	6.4282	0.0020075	-0.004269	-0.00018626
7.604	0.068609	-179	6.7265	0.0019528	-0.0044997	-3.8049e-05
7.606	0.070256	-174.89	7.0043	0.001898	-0.0047304	0.00011016
7.608	0.071908	-170.67	7.2821	0.0018433	-0.004961	0.00025836
7.61	0.073526	-166.37	7.5181	0.0019729	-0.0048559	0.00036291
7.612	0.075063	-161.98	7.754	0.0021024	-0.0047508	0.00046745
7.614	0.076479	-157.52	7.9694	0.002232	-0.0046457	0.00057199
7.616	0.077746	-153	8.1643	0.0023616	-0.0045406	0.00067654
7.618	0.078854	-148.42	8.3592	0.0024911	-0.0044355	0.00078108
7.62	0.079809	-143.79	8.515	0.0025779	-0.0041071	0.00084411
7.622	0.080631	-139.13	8.6709	0.0026646	-0.0037788	0.00090714
7.624	0.08135	-134.44	8.8088	0.0027513	-0.0034505	0.00097017
7.626	0.08199	-129.73	8.9288	0.0028381	-0.0031221	0.0010332
7.628	0.082571	-125.01	9.0487	0.0029248	-0.0027938	0.0010962
7.63	0.083098	-120.27	9.1361	0.0028398	-0.0024041	0.0010331
7.632	0.083561	-115.54	9.2234	0.0027548	-0.0020145	0.00096988
7.634	0.083941	-110.81	9.2961	0.0026698	-0.0016248	0.00090671
7.636	0.08421	-106.09	9.3541	0.0025848	-0.0012351	0.00084354
7.638	0.084339	-101.39	9.4121	0.0024998	-0.00084547	0.00078037
7.64	0.084307	-96.706	9.4437	0.0024227	-0.00056352	0.00051087
7.642	0.084103	-92.044	9.4753	0.0023456	-0.00028158	0.00024137
7.644	0.083729	-87.405	9.4948	0.0022685	3.6785e-07	-2.8132e-05
7.646	0.083197	-82.796	9.5023	0.0021914	0.00028231	-0.00029763
7.648	0.082529	-78.215	9.5098	0.0021143	0.00056426	-0.00056713
7.65	0.08175	-73.666	9.4952	0.0021729	0.00064434	-0.00090753
7.652	0.080881	-69.149	9.4805	0.0022316	0.00072442	-0.0012479
7.654	0.079936	-64.665	9.4556	0.0022902	0.00080451	-0.0015883
7.656	0.07892	-60.214	9.4203	0.0023488	0.00088459	-0.0019287
7.658	0.077829	-55.798	9.3851	0.0024075	0.00096467	-0.0022691
7.66	0.076647	-51.414	9.3305	0.0023651	0.00093543	-0.0023538
7.662	0.075355	-47.064	9.2759	0.0023227	0.0009062	-0.0024385
7.664	0.073934	-42.747	9.2123	0.0022804	0.00087696	-0.0025232
7.666	0.072365	-38.463	9.1396	0.002238	0.00084772	-0.0026079
7.668	0.070636	-34.21	9.0669	0.0021957	0.00081849	-0.0026926
7.67	0.068741	-29.987	8.9773	0.0017585	0.00090349	-0.0023465
7.672	0.066682	-25.796	8.8877	0.0013213	0.0009885	-0.0020004
7.674	0.064467	-21.634	8.7903	0.00088408	0.0010735	-0.0016543
7.676	0.062108	-17.502	8.6853	0.00044689	0.0011585	-0.0013083
7.678	0.059621	-13.399	8.5802	9.7021e-06	0.0012435	-0.00096217
7.68	0.057024	-9.3258	8.4616	-0.0006543	0.0015484	-0.00043867
7.682	0.054335	-5.2815	8.3429	-0.0013183	0.0018533	8.4835e-05
7.684	0.051573	-1.2666	8.2186	-0.0019823	0.0021582	0.00060834
7.686	0.048757	2.7181	8.0885	-0.0026463	0.0024631	0.0011318
7.688	0.045905	6.6724	7.9585	-0.0033103	0.002768	0.0016553
7.69	0.043034	10.595	7.8198	-0.0036114	0.0031291	0.0018491
7.692	0.040159	14.484	7.6811	-0.0039124	0.0034903	0.0020429
7.694	0.037295	18.339	7.5396	-0.0042135	0.0038514	0.0022367
7.696	0.034452	22.159	7.3952	-0.0045146	0.0042125	0.0024304
7.698	0.031638	25.941	7.2509	-0.0048157	0.0045736	0.0026242
7.7	0.028858	29.684	7.1041	-0.0043725	0.0047118	0.0022411
7.702	0.026117	33.384	6.9574	-0.0039294	0.00485	0.0018581
7.704	0.02342	37.041	6.8111	-0.0034862	0.0049882	0.001475
7.706	0.020774	40.651	6.6653	-0.0030431	0.0051264	0.001092
7.708	0.018186	44.214	6.5194	-0.0026	0.0052647	0.00070894
7.71	0.015668	47.724	6.3778	-0.00172	0.0050442	7.05e-05
7.712	0.013231	51.183	6.2361	-0.00084003	0.0048237	-0.00056794
7.714	0.010888	54.584	6.0982	3.9949e-05	0.0046032	-0.0012064
7.716	0.0086474	57.929	5.9639	0.00091992	0.0043828	-0.0018448
7.718	0.0065125	61.214	5.8296	0.0017999	0.0041623	-0.0024833
7.72	0.0044818	64.437	5.7054	0.0024025	0.0036561	-0.0027842
7.722	0.0025472	67.596	5.5813	0.0030052	0.0031499	-0.0030851
7.724	0.00069656	70.691	5.4633	0.0036078	0.0026437	-0.003386
7.726	-0.0010834	73.718	5.3515	0.0042105	0.0021375	-0.0036869
7.728	-0.0028036	76.679	5.2397	0.0048131	0.0016313	-0.0039878
7.73	-0.0044692	79.572	5.1414	0.0047737	0.0010249	-0.0037159
7.732	-0.0060767	82.396	5.0431	0.0047343	0.00041841	-0.0034439
7.734	-0.0076138	85.152	4.9514	0.0046949	-0.00018806	-0.003172
7.736	-0.009061	87.839	4.8664	0.0046555	-0.00079453	-0.0029001
7.738	-0.010395	90.459	4.7813	0.0046161	-0.001401	-0.0026281
7.74	-0.011595	93.012	4.7075	0.0042267	-0.0018712	-0.0021366
7.742	-0.012647	95.5	4.6337	0.0038372	-0.0023414	-0.0016451
7.744	-0.01355	97.923	4.5636	0.0034478	-0.0028116	-0.0011535
7.746	-0.014317	100.29	4.4973	0.0030584	-0.0032818	-0.00066202
7.748	-0.014976	102.59	4.4309	0.0026689	-0.003752	-0.00017049
7.75	-0.015565	104.83	4.3671	0.0023962	-0.0038618	4.4217e-05
7.752	-0.016129	107.02	4.3034	0.0021235	-0.0039717	0.00025893
7.754	-0.016709	109.16	4.2381	0.0018508	-0.0040815	0.00047364
7.756	-0.017335	111.24	4.1715	0.0015781	-0.0041913	0.00068835
7.758	-0.018023	113.28	4.1048	0.0013055	-0.0043012	0.00090306
7.76	-0.018768	115.28	4.0305	0.0012631	-0.0040299	0.00074784
7.762	-0.019547	117.24	3.9561	0.0012208	-0.0037587	0.00059262
7.764	-0.02032	119.15	3.8763	0.0011784	-0.0034875	0.0004374
7.766	-0.021042	121.04	3.7909	0.0011361	-0.0032163	0.00028218
7.768	-0.021667	122.89	3.7056	0.0010937	-0.0029451	0.00012695
7.77	-0.022158	124.72	3.6079	0.0011244	-0.0025883	-8.3672e-05
7.772	-0.022496	126.51	3.5102	0.001155	-0.0022315	-0.0002943
7.774	-0.02268	128.29	3.4065	0.0011856	-0.0018747	-0.00050493
7.776	-0.022729	130.04	3.2968	0.0012163	-0.001518	-0.00071555
7.778	-0.022679	131.77	3.1872	0.0012469	-0.0011612	-0.00092618
7.78	-0.022575	133.49	3.0671	0.0012536	-0.0010747	-0.00089605
7.782	-0.022462	135.19	2.947	0.0012603	-0.00098828	-0.00086593
7.784	-0.022379	136.87	2.8226	0.0012671	-0.00090182	-0.0008358
7.786	-0.02235	138.53	2.6939	0.0012738	-0.00081536	-0.00080567
7.788	-0.022384	140.18	2.5651	0.0012805	-0.0007289	-0.00077555
7.79	-0.022472	141.81	2.4288	0.0012574	-0.00093581	-0.00052189
7.792	-0.022589	143.43	2.2926	0.0012342	-0.0011427	-0.00026823
7.794	-0.022702	145.03	2.1526	0.0012111	-0.0013496	-1.4578e-05
7.796	-0.022776	146.61	2.0089	0.001188	-0.0015565	0.00023908
7.798	-0.022778	148.16	1.8653	0.0011648	-0.0017635	0.00049274
7.8	-0.022688	149.69	1.7137	0.0010746	-0.0019466	0.00072141
7.802	-0.022497	151.2	1.5622	0.00098443	-0.0021297	0.00095008
7.804	-0.02221	152.68	1.4067	0.00089423	-0.0023128	0.0011788
7.806	-0.021848	154.12	1.2471	0.00080403	-0.002496	0.0014074
7.808	-0.021439	155.53	1.0875	0.00071384	-0.0026791	0.0016361
7.81	-0.021016	156.9	0.92075	0.00053972	-0.0025758	0.0016265
7.812	-0.020611	158.23	0.75402	0.00036561	-0.0024725	0.0016168
7.814	-0.020253	159.51	0.58521	0.0001915	-0.0023691	0.0016072
7.816	-0.01996	160.75	0.41431	1.7387e-05	-0.0022658	0.0015976
7.818	-0.01974	161.93	0.24342	-0.00015672	-0.0021625	0.0015879
7.82	-0.019589	163.05	0.073367	-0.00031886	-0.0018492	0.0013385
7.822	-0.019491	164.11	-0.096683	-0.000481	-0.0015358	0.0010892
7.824	-0.019425	165.11	-0.2631	-0.00064313	-0.0012224	0.00083977
7.826	-0.019363	166.05	-0.42588	-0.00080527	-0.00090905	0.00059039
7.828	-0.019276	166.91	-0.58867	-0.0009674	-0.00059569	0.00034101
7.83	-0.019139	167.7	-0.73764	-0.0010005	-0.00035041	2.57e-05
7.832	-0.018934	168.41	-0.88661	-0.0010337	-0.00010514	-0.00028961
7.834	-0.018651	169.05	-1.0261	-0.0010668	0.00014013	-0.00060491
7.836	-0.018293	169.61	-1.156	-0.0010999	0.00038541	-0.00092022
7.838	-0.01787	170.09	-1.2859	-0.001133	0.00063068	-0.0012355
7.84	-0.017407	170.49	-1.3939	-0.0010413	0.00066353	-0.0014435
7.842	-0.016933	170.81	-1.5019	-0.00094961	0.00069639	-0.0016514
7.844	-0.01648	171.04	-1.599	-0.0008579	0.00072925	-0.0018593
7.846	-0.016078	171.2	-1.6851	-0.00076619	0.0007621	-0.0020672
7.848	-0.015749	171.27	-1.7712	-0.00067448	0.00079496	-0.0022752
7.85	-0.015506	171.27	-1.8379	-0.00056661	0.00074866	-0.0023288
7.852	-0.015349	171.19	-1.9045	-0.00045874	0.00070235	-0.0023825
7.854	-0.015262	171.04	-1.9633	-0.00035087	0.00065605	-0.0024361
7.856	-0.01522	170.82	-2.0142	-0.000243	0.00060975	-0.0024898
7.858	-0.015193	170.53	-2.0651	-0.00013513	0.00056345	-0.0025434
7.86	-0.015145	170.17	-2.1044	-0.00011537	0.00067243	-0.0024966
7.862	-0.015047	169.75	-2.1436	-9.5612e-05	0.00078141	-0.0024498
7.864	-0.014881	169.27	-2.1786	-7.5852e-05	0.00089039	-0.002403
7.866	-0.01464	168.74	-2.2093	-5.6092e-05	0.00099937	-0.0023562
7.868	-0.014335	168.15	-2.24	-3.6331e-05	0.0011083	-0.0023094
7.87	-0.013988	167.53	-2.2641	-0.00014624	0.0014113	-0.0022202
7.872	-0.01363	166.86	-2.2882	-0.00025615	0.0017142	-0.0021309
7.874	-0.013296	166.16	-2.3093	-0.00036606	0.0020171	-0.0020416
7.876	-0.01302	165.42	-2.3275	-0.00047597	0.0023201	-0.0019523
7.878	-0.012823	164.67	-2.3457	-0.00058588	0.002623	-0.001863
7.88	-0.012716	163.88	-2.3581	-0.00077409	0.0028737	-0.0017546
7.882	-0.012691	163.09	-2.3705	-0.00096229	0.0031243	-0.0016462
7.884	-0.012728	162.27	-2.3801	-0.0011505	0.0033749	-0.0015378
7.886	-0.012797	161.46	-2.3869	-0.0013387	0.0036256	-0.0014294
7.888	-0.012861	160.64	-2.3938	-0.0015269	0.0038762	-0.001321
7.89	-0.012887	159.82	-2.3957	-0.001639	0.0037985	-0.0012132
7.892	-0.012848	159	-2.3976	-0.0017511	0.0037208	-0.0011055
7.894	-0.012731	158.19	-2.3977	-0.0018632	0.0036431	-0.00099774
7.896	-0.012536	157.39	-2.3958	-0.0019753	0.0035654	-0.00088998
7.898	-0.012278	156.61	-2.3939	-0.0020874	0.0034876	-0.00078223
7.9	-0.011984	155.84	-2.3893	-0.0019782	0.0031066	-0.00070556
7.902	-0.011684	155.09	-2.3848	-0.0018691	0.0027256	-0.0006289
7.904	-0.011411	154.37	-2.3793	-0.0017599	0.0023446	-0.00055223
7.906	-0.011195	153.67	-2.3727	-0.0016508	0.0019636	-0.00047556
7.908	-0.011054	152.99	-2.3662	-0.0015417	0.0015826	-0.00039889
7.91	-0.010997	152.34	-2.3575	-0.0012485	0.0012253	-0.00036523
7.912	-0.011021	151.71	-2.3488	-0.0009554	0.00086801	-0.00033156
7.914	-0.011117	151.12	-2.3384	-0.00066228	0.00051072	-0.0002979
7.916	-0.011264	150.55	-2.3262	-0.00036915	0.00015343	-0.00026423
7.918	-0.011444	150.02	-2.3141	-7.6027e-05	-0.00020386	-0.00023057
7.92	-0.011635	149.51	-2.2964	0.00019472	-0.00025079	-0.00022989
7.922	-0.011822	149.03	-2.2788	0.00046548	-0.00029772	-0.00022921
7.924	-0.011991	148.58	-2.2574	0.00073623	-0.00034466	-0.00022853
7.926	-0.012135	148.17	-2.2321	0.001007	-0.00039159	-0.00022785
7.928	-0.012249	147.78	-2.2068	0.0012777	-0.00043852	-0.00022717
7.93	-0.012333	147.41	-2.1721	0.0013711	-0.00020658	-0.00026401
7.932	-0.012385	147.08	-2.1375	0.0014645	2.5351e-05	-0.00030085
7.934	-0.012405	146.77	-2.0977	0.0015579	0.00025728	-0.00033769
7.936	-0.012392	146.49	-2.053	0.0016513	0.00048922	-0.00037453
7.938	-0.012348	146.24	-2.0082	0.0017447	0.00072115	-0.00041137
7.94	-0.012275	146.01	-1.9538	0.0016935	0.00095724	-0.00049519
7.942	-0.012179	145.81	-1.8994	0.0016424	0.0011933	-0.00057901
7.944	-0.01207	145.63	-1.8409	0.0015912	0.0014294	-0.00066283
7.946	-0.011962	145.48	-1.7783	0.00154	0.0016655	-0.00074666
7.948	-0.011875	145.35	-1.7158	0.0014888	0.0019016	-0.00083048
7.95	-0.011828	145.24	-1.6474	0.0014085	0.0019017	-0.00090724
7.952	-0.011841	145.16	-1.5789	0.0013281	0.0019018	-0.000984
7.954	-0.011929	145.1	-1.5089	0.0012478	0.0019019	-0.0010608
7.956	-0.012099	145.06	-1.4372	0.0011674	0.0019021	-0.0011375
7.958	-0.01235	145.04	-1.3656	0.001087	0.0019022	-0.0012143
7.96	-0.012668	145.05	-1.2934	0.00102	0.0016422	-0.0011739
7.962	-0.01303	145.08	-1.2211	0.00095298	0.0013822	-0.0011336
7.964	-0.013407	145.13	-1.1499	0.00088594	0.0011222	-0.0010932
7.966	-0.013763	145.2	-1.0796	0.00081891	0.00086217	-0.0010528
7.968	-0.014063	145.29	-1.0093	0.00075188	0.00060217	-0.0010125
7.97	-0.014278	145.41	-0.94336	0.00067145	0.00026382	-0.00083021
7.972	-0.014388	145.54	-0.87742	0.00059102	-7.4532e-05	-0.00064793
7.974	-0.014386	145.7	-0.81476	0.00051059	-0.00041288	-0.00046566
7.976	-0.014276	145.88	-0.75538	0.00043016	-0.00075123	-0.00028338
7.978	-0.014078	146.07	-0.696	0.00034973	-0.0010896	-0.0001011
7.98	-0.013819	146.29	-0.6453	0.00025841	-0.0012535	7.8504e-05
7.982	-0.013533	146.52	-0.5946	0.00016709	-0.0014175	0.00025811
7.984	-0.013255	146.77	-0.54919	7.5769e-05	-0.0015814	0.00043772
7.986	-0.013014	147.04	-0.50907	-1.5551e-05	-0.0017454	0.00061733
7.988	-0.012833	147.32	-0.46894	-0.00010687	-0.0019093	0.00079693
7.99	-0.012724	147.62	-0.441	-0.00016175	-0.0017681	0.00080984
7.992	-0.012687	147.93	-0.41305	-0.00021663	-0.001627	0.00082276
7.994	-0.012712	148.25	-0.39174	-0.00027151	-0.0014858	0.00083567
7.996	-0.012782	148.58	-0.37706	-0.00032638	-0.0013446	0.00084858
7.998	-0.012876	148.91	-0.36239	-0.00038126	-0.0012034	0.00086149
8	-0.012972	149.26	-0.36146	-0.00036915	-0.0008916	0.00073323
8.002	-0.013052	149.6	-0.36054	-0.00035704	-0.00057977	0.00060497
8.004	-0.013104	149.95	-0.36635	-0.00034493	-0.00026794	0.00047671
8.006	-0.013119	150.3	-0.37889	-0.00033282	4.3889e-05	0.00034846
8.008	-0.013097	150.65	-0.39144	-0.00032071	0.00035572	0.0002202
8.01	-0.01304	150.99	-0.4164	-0.00023826	0.00052509	0.00012709
8.012	-0.012956	151.32	-0.44135	-0.00015581	0.00069446	3.3982e-05
8.014	-0.012849	151.64	-0.47158	-7.3358e-05	0.00086383	-5.9125e-05
8.016	-0.012727	151.95	-0.50709	9.092e-06	0.0010332	-0.00015223
8.018	-0.012594	152.25	-0.54259	9.1542e-05	0.0012026	-0.00024534
8.02	-0.012458	152.53	-0.5861	0.00024201	0.0010591	-0.00021136
8.022	-0.012322	152.8	-0.62961	0.00039248	0.00091563	-0.00017737
8.024	-0.012195	153.04	-0.67559	0.00054295	0.00077215	-0.00014339
8.026	-0.012085	153.26	-0.72405	0.00069342	0.00062868	-0.00010941
8.028	-0.012003	153.46	-0.77251	0.00084389	0.00048521	-7.5422e-05
8.03	-0.011956	153.64	-0.82272	0.001012	0.00020294	4.6082e-06
8.032	-0.011953	153.79	-0.87294	0.0011801	-7.9329e-05	8.4639e-05
8.034	-0.011993	153.91	-0.9226	0.0013482	-0.0003616	0.00016467
8.036	-0.012071	154.01	-0.97172	0.0015163	-0.00064386	0.0002447
8.038	-0.012173	154.07	-1.0208	0.0016844	-0.00092613	0.00032473
8.04	-0.012279	154.11	-1.0669	0.0017542	-0.0010573	0.00035918
8.042	-0.012365	154.13	-1.113	0.0018241	-0.0011885	0.00039363
8.044	-0.01241	154.11	-1.1573	0.0018939	-0.0013197	0.00042808
8.046	-0.012396	154.06	-1.1998	0.0019637	-0.0014508	0.00046253
8.048	-0.012321	153.99	-1.2424	0.0020336	-0.001582	0.00049698
8.05	-0.012193	153.89	-1.2825	0.0019528	-0.0015413	0.000519
8.052	-0.012035	153.77	-1.3226	0.0018719	-0.0015006	0.00054101
8.054	-0.011883	153.62	-1.3629	0.0017911	-0.0014598	0.00056302
8.056	-0.011776	153.45	-1.4034	0.0017103	-0.0014191	0.00058503
8.058	-0.011753	153.25	-1.4438	0.0016295	-0.0013783	0.00060704
8.06	-0.011837	153.04	-1.4883	0.0015182	-0.0014043	0.00067691
8.062	-0.012038	152.81	-1.5327	0.001407	-0.0014303	0.00074678
8.064	-0.012339	152.55	-1.5811	0.0012957	-0.0014562	0.00081666
8.066	-0.012706	152.29	-1.6333	0.0011845	-0.0014822	0.00088653
8.068	-0.013084	152.01	-1.6855	0.0010733	-0.0015081	0.0009564
8.07	-0.013412	151.71	-1.7483	0.0010795	-0.0017077	0.0010231
8.072	-0.013634	151.4	-1.8111	0.0010856	-0.0019074	0.0010898
8.074	-0.013707	151.09	-1.8797	0.0010918	-0.002107	0.0011566
8.076	-0.01361	150.76	-1.954	0.001098	-0.0023066	0.0012233
8.078	-0.013354	150.43	-2.0283	0.0011042	-0.0025062	0.00129
8.08	-0.012975	150.09	-2.113	0.001176	-0.0026804	0.0012608
8.082	-0.012532	149.75	-2.1977	0.0012478	-0.0028547	0.0012316
8.084	-0.012093	149.4	-2.286	0.0013196	-0.0030289	0.0012023
8.086	-0.011724	149.05	-2.3779	0.0013914	-0.0032031	0.0011731
8.088	-0.011478	148.69	-2.4698	0.0014632	-0.0033773	0.0011439
8.09	-0.011383	148.32	-2.5648	0.0014157	-0.003326	0.0010364
8.092	-0.01144	147.95	-2.6597	0.0013682	-0.0032747	0.00092883
8.094	-0.011621	147.58	-2.7542	0.0013207	-0.0032233	0.00082131
8.096	-0.011882	147.2	-2.848	0.0012733	-0.003172	0.00071379
8.098	-0.012167	146.81	-2.9419	0.0012258	-0.0031207	0.00060627
8.1	-0.012424	146.42	-3.0316	0.0010232	-0.0029366	0.00052944
8.102	-0.012616	146.01	-3.1213	0.00082062	-0.0027525	0.00045262
8.104	-0.012725	145.6	-3.2082	0.00061803	-0.0025685	0.00037579
8.106	-0.012756	145.17	-3.2924	0.00041545	-0.0023844	0.00029897
8.108	-0.012733	144.73	-3.3766	0.00021286	-0.0022004	0.00022214
8.11	-0.01269	144.26	-3.4556	1.3236e-05	-0.0020913	0.00024236
8.112	-0.012662	143.79	-3.5346	-0.00018639	-0.0019822	0.00026258
8.114	-0.012674	143.29	-3.6119	-0.00038601	-0.0018731	0.0002828
8.116	-0.012736	142.76	-3.6874	-0.00058564	-0.0017641	0.00030302
8.118	-0.01284	142.21	-3.763	-0.00078526	-0.001655	0.00032324
8.12	-0.01296	141.64	-3.837	-0.00088211	-0.0015915	0.00042163
8.122	-0.013066	141.03	-3.911	-0.00097895	-0.001528	0.00052003
8.124	-0.013124	140.4	-3.985	-0.0010758	-0.0014646	0.00061843
8.126	-0.013113	139.73	-4.059	-0.0011726	-0.0014011	0.00071682
8.128	-0.013028	139.02	-4.133	-0.0012695	-0.0013376	0.00081522
8.13	-0.012883	138.28	-4.2075	-0.0013486	-0.0010961	0.00094349
8.132	-0.012706	137.5	-4.282	-0.0014278	-0.00085468	0.0010718
8.134	-0.012537	136.68	-4.3565	-0.001507	-0.00061323	0.0012
8.136	-0.012413	135.82	-4.4309	-0.0015861	-0.00037177	0.0013283
8.138	-0.012362	134.92	-4.5054	-0.0016653	-0.00013032	0.0014565
8.14	-0.012393	133.98	-4.5785	-0.0018222	0.00033506	0.0015726
8.142	-0.012496	133	-4.6516	-0.0019791	0.00080044	0.0016886
8.144	-0.012639	131.97	-4.7235	-0.002136	0.0012658	0.0018047
8.146	-0.012781	130.91	-4.7941	-0.0022929	0.0017312	0.0019207
8.148	-0.012879	129.81	-4.8647	-0.0024498	0.0021966	0.0020368
8.15	-0.012897	128.66	-4.9321	-0.0026298	0.0026378	0.0020901
8.152	-0.012814	127.48	-4.9995	-0.0028098	0.0030791	0.0021434
8.154	-0.012633	126.27	-5.0655	-0.0029898	0.0035203	0.0021967
8.156	-0.012374	125.01	-5.1301	-0.0031698	0.0039616	0.00225
8.158	-0.012071	123.73	-5.1947	-0.0033497	0.0044028	0.0023032
8.16	-0.011761	122.41	-5.2575	-0.0034393	0.0045832	0.0022414
8.162	-0.011477	121.07	-5.3204	-0.0035288	0.0047636	0.0021795
8.164	-0.011239	119.7	-5.3831	-0.0036184	0.004944	0.0021176
8.166	-0.01105	118.31	-5.4458	-0.0037079	0.0051244	0.0020557
8.168	-0.010896	116.9	-5.5084	-0.0037975	0.0053047	0.0019938
8.17	-0.010752	115.47	-5.5721	-0.003784	0.0052331	0.0018313
8.172	-0.010592	114.02	-5.6359	-0.0037705	0.0051616	0.0016687
8.174	-0.010395	112.57	-5.7004	-0.003757	0.00509	0.0015062
8.176	-0.010155	111.1	-5.7659	-0.0037434	0.0050184	0.0013437
8.178	-0.009878	109.62	-5.8313	-0.0037299	0.0049468	0.0011811
8.18	-0.0095852	108.14	-5.8982	-0.0036739	0.0047291	0.0010329
8.182	-0.0093013	106.66	-5.965	-0.0036178	0.0045115	0.0008846
8.184	-0.009047	105.18	-6.0321	-0.0035618	0.0042938	0.00073634
8.186	-0.0088297	103.69	-6.0994	-0.0035057	0.0040761	0.00058807
8.188	-0.008638	102.22	-6.1668	-0.0034496	0.0038585	0.00043981
8.19	-0.0084421	100.74	-6.2333	-0.0033341	0.0035112	0.00041471
8.192	-0.0081988	99.272	-6.2998	-0.0032185	0.003164	0.00038961
8.194	-0.0078628	97.81	-6.3655	-0.003103	0.0028168	0.00036451
8.196	-0.0073995	96.355	-6.4302	-0.0029874	0.0024696	0.00033942
8.198	-0.0067968	94.907	-6.495	-0.0028719	0.0021223	0.00031432
8.2	-0.0060715	93.468	-6.5576	-0.0025985	0.0016842	0.00037779
8.202	-0.005269	92.036	-6.6202	-0.0023252	0.001246	0.00044125
8.204	-0.0044545	90.611	-6.6819	-0.0020518	0.00080782	0.00050472
8.206	-0.0036984	89.192	-6.7427	-0.0017784	0.00036966	0.00056819
8.208	-0.0030583	87.779	-6.8035	-0.0015051	-6.8511e-05	0.00063166
8.21	-0.0025622	86.37	-6.8633	-0.0010843	-0.00038475	0.00063773
8.212	-0.0021981	84.965	-6.9231	-0.00066347	-0.00070098	0.0006438
8.214	-0.0019136	83.56	-6.9829	-0.00024268	-0.0010172	0.00064988
8.216	-0.0016247	82.156	-7.0426	0.00017811	-0.0013335	0.00065595
8.218	-0.0012343	80.748	-7.1024	0.00059891	-0.0016497	0.00066202
8.22	-0.00065481	79.337	-7.1625	0.00096195	-0.0016347	0.0005291
8.222	0.00016915	77.919	-7.2226	0.001325	-0.0016197	0.00039618
8.224	0.0012459	76.494	-7.2829	0.001688	-0.0016047	0.00026326
8.226	0.0025326	75.056	-7.3433	0.0020511	-0.0015897	0.00013033
8.228	0.0039443	73.608	-7.4038	0.0024141	-0.0015747	-2.5907e-06
8.23	0.0053744	72.144	-7.4637	0.0025252	-0.0013297	-0.00020051
8.232	0.0067233	70.664	-7.5236	0.0026363	-0.0010847	-0.00039842
8.234	0.0079258	69.165	-7.5826	0.0027474	-0.00083971	-0.00059634
8.236	0.008972	67.647	-7.6409	0.0028584	-0.0005947	-0.00079426
8.238	0.0099149	66.107	-7.6991	0.0029695	-0.00034968	-0.00099217
8.24	0.010861	64.544	-7.7546	0.002854	-0.00021603	-0.0011159
8.242	0.011945	62.957	-7.81	0.0027385	-8.2377e-05	-0.0012396
8.244	0.013295	61.345	-7.8639	0.0026231	5.1276e-05	-0.0013633
8.246	0.014994	59.708	-7.9161	0.0025076	0.00018493	-0.001487
8.248	0.017049	58.046	-7.9683	0.0023921	0.00031858	-0.0016107
8.25	0.019378	56.357	-8.0174	0.0021989	0.00017652	-0.0015897
8.252	0.021812	54.642	-8.0666	0.0020057	3.446e-05	-0.0015688
8.254	0.024128	52.903	-8.1147	0.0018124	-0.0001076	-0.0015478
8.256	0.026091	51.139	-8.1619	0.0016192	-0.00024966	-0.0015269
8.258	0.027504	49.352	-8.2091	0.001426	-0.00039173	-0.0015059
8.26	0.028262	47.542	-8.2558	0.0012325	-0.00061833	-0.0013782
8.262	0.028374	45.712	-8.3026	0.001039	-0.00084493	-0.0012505
8.264	0.027979	43.862	-8.3501	0.00084546	-0.0010715	-0.0011228
8.266	0.027317	41.997	-8.3982	0.00065194	-0.0012981	-0.00099503
8.268	0.026685	40.115	-8.4464	0.00045842	-0.0015247	-0.00086731
8.27	0.026375	38.222	-8.4972	0.00028293	-0.0015665	-0.00073366
8.272	0.026606	36.318	-8.5481	0.00010744	-0.0016083	-0.00060001
8.274	0.027476	34.408	-8.6007	-6.8046e-05	-0.0016501	-0.00046636
8.276	0.02893	32.491	-8.6549	-0.00024354	-0.001692	-0.00033271
8.278	0.030771	30.573	-8.7092	-0.00041902	-0.0017338	-0.00019906
8.28	0.032691	28.654	-8.7667	-0.00052712	-0.0015433	-0.00015051
8.282	0.034342	26.74	-8.8241	-0.00063522	-0.0013529	-0.00010196
8.284	0.035406	24.83	-8.8828	-0.00074332	-0.0011624	-5.3412e-05
8.286	0.035665	22.93	-8.9425	-0.00085142	-0.00097197	-4.8645e-06
8.288	0.035051	21.039	-9.0023	-0.00095952	-0.00078152	4.3684e-05
8.29	0.033661	19.163	-9.063	-0.00096079	-0.00053112	-6.1122e-06
8.292	0.031734	17.3	-9.1236	-0.00096207	-0.00028071	-5.5908e-05
8.294	0.029596	15.456	-9.184	-0.00096334	-3.0297e-05	-0.0001057
8.296	0.027586	13.63	-9.2441	-0.00096462	0.00022011	-0.0001555
8.298	0.025974	11.825	-9.3042	-0.00096589	0.00047052	-0.0002053
8.3	0.0249	10.042	-9.3626	-0.00089377	0.00056836	-0.00027131
8.302	0.024334	8.282	-9.4209	-0.00082166	0.00066619	-0.00033732
8.304	0.024089	6.5455	-9.4781	-0.00074954	0.00076403	-0.00040334
8.306	0.023858	4.8335	-9.5341	-0.00067743	0.00086186	-0.00046935
8.308	0.02329	3.1461	-9.5901	-0.00060531	0.00095969	-0.00053537
8.31	0.022071	1.4831	-9.6436	-0.00052319	0.00082732	-0.00050875
8.312	0.020005	-0.15527	-9.6971	-0.00044107	0.00069495	-0.00048214
8.314	0.017067	-1.7702	-9.7496	-0.00035895	0.00056257	-0.00045552
8.316	0.013414	-3.3617	-9.8011	-0.00027683	0.0004302	-0.0004289
8.318	0.009356	-4.9319	-9.8526	-0.00019471	0.00029783	-0.00040229
8.32	0.0052971	-6.4807	-9.9027	-0.00013972	6.1811e-05	-0.00025397
8.322	0.0016463	-8.0111	-9.9527	-8.4741e-05	-0.00017421	-0.00010566
8.324	-0.0012675	-9.5232	-10.002	-2.9757e-05	-0.00041022	4.2659e-05
8.326	-0.0032635	-11.021	-10.051	2.5227e-05	-0.00064624	0.00019097
8.328	-0.0043435	-12.503	-10.1	8.0211e-05	-0.00088226	0.00033929
8.33	-0.0046829	-13.976	-10.148	9.7436e-05	-0.0010224	0.00051537
8.332	-0.0045832	-15.438	-10.196	0.00011466	-0.0011626	0.00069146
8.334	-0.0043965	-16.894	-10.243	0.00013188	-0.0013028	0.00086754
8.336	-0.0044406	-18.344	-10.289	0.00014911	-0.001443	0.0010436
8.338	-0.0049263	-19.794	-10.335	0.00016633	-0.0015831	0.0012197
8.34	-0.0059118	-21.242	-10.377	0.00017665	-0.0015881	0.001273
8.342	-0.0072987	-22.695	-10.42	0.00018697	-0.0015931	0.0013262
8.344	-0.0088665	-24.151	-10.461	0.00019729	-0.0015981	0.0013795
8.346	-0.010337	-25.615	-10.499	0.00020761	-0.0016031	0.0014327
8.348	-0.011453	-27.088	-10.538	0.00021793	-0.0016081	0.001486
8.35	-0.012049	-28.573	-10.571	0.00031086	-0.0016345	0.0013403
8.352	-0.012094	-30.07	-10.604	0.0004038	-0.0016608	0.0011946
8.354	-0.011701	-31.584	-10.634	0.00049673	-0.0016871	0.001049
8.356	-0.011092	-33.112	-10.662	0.00058967	-0.0017134	0.00090329
8.358	-0.010534	-34.66	-10.69	0.0006826	-0.0017397	0.00075761
8.36	-0.010259	-36.226	-10.714	0.00090786	-0.0018965	0.00050365
8.362	-0.010396	-37.813	-10.738	0.0011331	-0.0020533	0.00024968
8.364	-0.010926	-39.42	-10.763	0.0013584	-0.0022101	-4.2797e-06
8.366	-0.011678	-41.049	-10.787	0.0015836	-0.0023669	-0.00025824
8.368	-0.012376	-42.7	-10.812	0.0018089	-0.0025236	-0.00051221
8.37	-0.012713	-44.372	-10.841	0.0020405	-0.0026739	-0.00067491
8.372	-0.012443	-46.067	-10.87	0.0022721	-0.0028242	-0.00083761
8.374	-0.011471	-47.784	-10.904	0.0025037	-0.0029744	-0.0010003
8.376	-0.0098957	-49.522	-10.944	0.0027354	-0.0031247	-0.001163
8.378	-0.0080155	-51.28	-10.983	0.002967	-0.003275	-0.0013257
8.38	-0.0062659	-53.059	-11.036	0.0029868	-0.003178	-0.0012904
8.382	-0.0051151	-54.857	-11.09	0.0030066	-0.003081	-0.001255
8.384	-0.0049321	-56.673	-11.151	0.0030264	-0.002984	-0.0012197
8.386	-0.0058607	-58.505	-11.22	0.0030463	-0.0028871	-0.0011844
8.388	-0.0077329	-60.354	-11.289	0.0030661	-0.0027901	-0.001149
8.39	-0.010048	-62.216	-11.373	0.0028269	-0.0024117	-0.0010352
8.392	-0.012032	-64.092	-11.457	0.0025877	-0.0020334	-0.0009213
8.394	-0.012776	-65.978	-11.545	0.0023486	-0.001655	-0.00080744
8.396	-0.011426	-67.874	-11.638	0.0021094	-0.0012767	-0.00069358
8.398	-0.0073874	-69.778	-11.731	0.0018702	-0.00089832	-0.00057972
8.4	-0.0005128	-71.688	-11.826	0.0015585	-0.00047836	-0.00058578
8.402	0.0087915	-73.603	-11.921	0.0012468	-5.8393e-05	-0.00059185
8.404	0.019553	-75.522	-12.013	0.00093514	0.00036157	-0.00059791
8.406	0.030338	-77.442	-12.101	0.00062344	0.00078153	-0.00060397
8.408	0.039451	-79.362	-12.189	0.00031175	0.0012015	-0.00061003
8.41	0.045215	-81.281	-12.262	0.00011378	0.0013961	-0.00072568
8.412	0.046261	-83.197	-12.335	-8.4194e-05	0.0015907	-0.00084132
8.414	0.041788	-85.109	-12.398	-0.00028217	0.0017853	-0.00095697
8.416	0.03174	-87.016	-12.451	-0.00048014	0.0019799	-0.0010726
8.418	0.016851	-88.915	-12.503	-0.00067811	0.0021745	-0.0011883
8.42	-0.0014395	-90.808	-12.534	-0.0007491	0.0020892	-0.0011795
8.422	-0.021191	-92.691	-12.565	-0.00082008	0.0020039	-0.0011707
8.424	-0.040261	-94.565	-12.587	-0.00089106	0.0019186	-0.0011619
8.426	-0.056638	-96.429	-12.599	-0.00096204	0.0018332	-0.0011531
8.428	-0.068738	-98.281	-12.611	-0.001033	0.0017479	-0.0011443
8.43	-0.075636	-100.12	-12.61	-0.0010566	0.0015337	-0.00089073
8.432	-0.077171	-101.95	-12.609	-0.0010801	0.0013196	-0.00063716
8.434	-0.073918	-103.77	-12.604	-0.0011036	0.0011054	-0.00038358
8.436	-0.067047	-105.57	-12.596	-0.0011271	0.00089122	-0.00013001
8.438	-0.058075	-107.36	-12.589	-0.0011507	0.00067704	0.00012356
8.44	-0.048596	-109.13	-12.58	-0.0011763	0.00050401	0.00041689
8.442	-0.040011	-110.89	-12.572	-0.001202	0.00033098	0.00071022
8.444	-0.033319	-112.64	-12.565	-0.0012277	0.00015795	0.0010035
8.446	-0.029009	-114.37	-12.559	-0.0012534	-1.5079e-05	0.0012969
8.448	-0.027054	-116.09	-12.553	-0.001279	-0.00018811	0.0015902
8.45	-0.026995	-117.79	-12.551	-0.0013035	-0.00030021	0.0016365
8.452	-0.028106	-119.48	-12.549	-0.001328	-0.00041232	0.0016828
8.454	-0.029587	-121.15	-12.548	-0.0013524	-0.00052442	0.0017291
8.456	-0.030737	-122.81	-12.548	-0.0013769	-0.00063653	0.0017754
8.458	-0.031092	-124.46	-12.547	-0.0014014	-0.00074863	0.0018217
8.46	-0.030488	-126.09	-12.546	-0.0013717	-0.00090663	0.0015925
8.462	-0.029051	-127.71	-12.545	-0.001342	-0.0010646	0.0013632
8.464	-0.027123	-129.32	-12.543	-0.0013124	-0.0012226	0.0011339
8.466	-0.025149	-130.91	-12.539	-0.0012827	-0.0013806	0.0009046
8.468	-0.023553	-132.49	-12.535	-0.001253	-0.0015386	0.00067532
8.47	-0.022637	-134.05	-12.529	-0.0011199	-0.0017469	0.00038325
8.472	-0.022514	-135.61	-12.523	-0.00098684	-0.0019551	9.1186e-05
8.474	-0.023099	-137.15	-12.516	-0.00085375	-0.0021633	-0.00020088
8.476	-0.024147	-138.68	-12.51	-0.00072066	-0.0023716	-0.00049294
8.478	-0.025325	-140.19	-12.504	-0.00058757	-0.0025798	-0.00078501
8.48	-0.026301	-141.7	-12.502	-0.00044411	-0.0026026	-0.00093585
8.482	-0.026821	-143.19	-12.5	-0.00030064	-0.0026255	-0.0010867
8.484	-0.026765	-144.68	-12.502	-0.00015718	-0.0026483	-0.0012375
8.486	-0.026162	-146.15	-12.508	-1.3712e-05	-0.0026712	-0.0013884
8.488	-0.025171	-147.61	-12.514	0.00012975	-0.002694	-0.0015392
8.49	-0.024028	-149.07	-12.531	6.9612e-05	-0.0023072	-0.0014931
8.492	-0.022985	-150.52	-12.549	9.4704e-06	-0.0019205	-0.0014469
8.494	-0.022243	-151.95	-12.572	-5.0671e-05	-0.0015337	-0.0014007
8.496	-0.021908	-153.38	-12.6	-0.00011081	-0.001147	-0.0013545
8.498	-0.021978	-154.81	-12.629	-0.00017095	-0.00076021	-0.0013084
8.5	-0.022348	-156.23	-12.667	-0.00045383	-0.00013441	-0.0011454
8.502	-0.022848	-157.64	-12.705	-0.00073671	0.0004914	-0.00098248
8.504	-0.023296	-159.05	-12.746	-0.0010196	0.0011172	-0.00081954
8.506	-0.023538	-160.46	-12.79	-0.0013025	0.001743	-0.00065659
8.508	-0.023493	-161.87	-12.834	-0.0015853	0.0023688	-0.00049365
8.51	-0.023163	-163.27	-12.881	-0.0017605	0.0027305	-0.00035365
8.512	-0.022625	-164.68	-12.927	-0.0019356	0.0030923	-0.00021365
8.514	-0.022008	-166.09	-12.974	-0.0021108	0.003454	-7.3648e-05
8.516	-0.021453	-167.5	-13.022	-0.0022859	0.0038158	6.6351e-05
8.518	-0.02107	-168.92	-13.07	-0.002461	0.0041775	0.00020635
8.52	-0.020917	-170.35	-13.12	-0.0022386	0.0039517	0.00025441
8.522	-0.020984	-171.78	-13.17	-0.0020161	0.003726	0.00030247
8.524	-0.021199	-173.22	-13.223	-0.0017936	0.0035002	0.00035052
8.526	-0.021451	-174.67	-13.278	-0.0015711	0.0032744	0.00039858
8.528	-0.021627	-176.14	-13.333	-0.0013487	0.0030487	0.00044664
8.53	-0.021635	-177.62	-13.397	-0.00091383	0.0024059	0.00047287
8.532	-0.021435	-179.11	-13.461	-0.00047899	0.0017632	0.00049911
8.534	-0.021048	-180.62	-13.531	-4.4146e-05	0.0011204	0.00052534
8.536	-0.020541	-182.15	-13.606	0.0003907	0.00047767	0.00055157
8.538	-0.020017	-183.7	-13.681	0.00082554	-0.00016508	0.00057781
8.54	-0.019578	-185.27	-13.766	0.0010083	-0.00078423	0.0006567
8.542	-0.019303	-186.86	-13.851	0.0011911	-0.0014034	0.00073559
8.544	-0.019219	-188.47	-13.939	0.0013739	-0.0020225	0.00081449
8.546	-0.019304	-190.11	-14.029	0.0015567	-0.0026417	0.00089338
8.548	-0.019483	-191.77	-14.119	0.0017396	-0.0032609	0.00097227
8.55	-0.019655	-193.46	-14.206	0.0014968	-0.0035236	0.0010143
8.552	-0.019713	-195.17	-14.292	0.001254	-0.0037864	0.0010562
8.554	-0.019576	-196.91	-14.372	0.0010112	-0.0040492	0.0010982
8.556	-0.019204	-198.67	-14.444	0.00076839	-0.004312	0.0011402
8.558	-0.018609	-200.46	-14.517	0.0005256	-0.0045748	0.0011822
8.56	-0.017847	-202.27	-14.564	0.00014491	-0.0043864	0.0010282
8.562	-0.017003	-204.11	-14.611	-0.00023578	-0.004198	0.00087424
8.564	-0.016168	-205.97	-14.641	-0.00061647	-0.0040096	0.00072026
8.566	-0.015413	-207.85	-14.653	-0.00099716	-0.0038212	0.00056627
8.568	-0.014772	-209.75	-14.666	-0.0013779	-0.0036328	0.00041228
8.57	-0.014234	-211.66	-14.637	-0.0015576	-0.003101	0.00010048
8.572	-0.013749	-213.6	-14.609	-0.0017373	-0.0025692	-0.00021132
8.574	-0.01324	-215.54	-14.557	-0.001917	-0.0020373	-0.00052312
8.576	-0.012626	-217.5	-14.484	-0.0020967	-0.0015055	-0.00083493
8.578	-0.011843	-219.47	-14.41	-0.0022764	-0.00097367	-0.0011467
8.58	-0.01086	-221.44	-14.289	-0.0023015	-0.00037041	-0.0013376
8.582	-0.0096895	-223.41	-14.168	-0.0023267	0.00023285	-0.0015284
8.584	-0.0083817	-225.37	-14.022	-0.0023518	0.0008361	-0.0017192
8.586	-0.0070125	-227.33	-13.853	-0.002377	0.0014394	-0.0019101
8.588	-0.0056646	-229.28	-13.684	-0.0024021	0.0020426	-0.0021009
8.59	-0.0044069	-231.21	-13.465	-0.0026083	0.0024211	-0.0019388
8.592	-0.0032795	-233.12	-13.247	-0.0028145	0.0027995	-0.0017768
8.594	-0.0022853	-235	-13.004	-0.0030207	0.003178	-0.0016147
8.596	-0.0013917	-236.85	-12.737	-0.0032269	0.0035564	-0.0014527
8.598	-0.00054086	-238.66	-12.469	-0.0034331	0.0039349	-0.0012906
8.6	0.00033416	-240.43	-12.154	-0.0039268	0.0040179	-0.00085714
8.602	0.001293	-242.15	-11.838	-0.0044205	0.0041008	-0.00042367
8.604	0.002374	-243.81	-11.499	-0.0049143	0.0041838	9.7881e-06
8.606	0.0035881	-245.41	-11.138	-0.005408	0.0042668	0.00044325
8.608	0.0049195	-246.95	-10.777	-0.0059017	0.0043498	0.00087671
8.61	0.006335	-248.41	-10.375	-0.0063182	0.004324	0.0012749
8.612	0.0077962	-249.79	-9.9729	-0.0067348	0.0042982	0.0016731
8.614	0.0092729	-251.08	-9.5542	-0.0071513	0.0042724	0.0020713
8.616	0.010752	-252.28	-9.1186	-0.0075678	0.0042466	0.0024694
8.618	0.012242	-253.39	-8.683	-0.0079843	0.0042208	0.0028676
8.62	0.013768	-254.38	-8.2219	-0.0078936	0.0042064	0.0030218
8.622	0.01536	-255.27	-7.7609	-0.007803	0.004192	0.003176
8.624	0.017044	-256.04	-7.2911	-0.0077123	0.0041776	0.0033301
8.626	0.018828	-256.69	-6.8126	-0.0076216	0.0041632	0.0034843
8.628	0.020695	-257.21	-6.3341	-0.007531	0.0041487	0.0036385
8.63	0.022607	-257.6	-5.8448	-0.0069506	0.0039895	0.0035886
8.632	0.024507	-257.85	-5.3555	-0.0063703	0.0038302	0.0035387
8.634	0.026339	-257.96	-4.8633	-0.00579	0.003671	0.0034889
8.636	0.02806	-257.93	-4.3681	-0.0052096	0.0035117	0.003439
8.638	0.029656	-257.74	-3.8729	-0.0046293	0.0033525	0.0033891
8.64	0.031146	-257.41	-3.3756	-0.0039374	0.0029155	0.0032449
8.642	0.032584	-256.91	-2.8782	-0.0032455	0.0024785	0.0031007
8.644	0.034046	-256.26	-2.3817	-0.0025536	0.0020415	0.0029565
8.646	0.035614	-255.44	-1.886	-0.0018617	0.0016045	0.0028123
8.648	0.037352	-254.47	-1.3902	-0.0011698	0.0011675	0.0026681
8.65	0.039292	-253.33	-0.90144	-0.00057871	0.00070087	0.0023995
8.652	0.041421	-252.02	-0.41264	1.238e-05	0.00023422	0.002131
8.654	0.04368	-250.54	0.068813	0.00060347	-0.00023244	0.0018625
8.656	0.045973	-248.9	0.54293	0.0011946	-0.00069909	0.0015939
8.658	0.048191	-247.1	1.0171	0.0017857	-0.0011657	0.0013254
8.66	0.050229	-245.13	1.4666	0.0024305	-0.0012658	0.00085326
8.662	0.052017	-242.99	1.9161	0.0030753	-0.0013659	0.00038115
8.664	0.05353	-240.69	2.3481	0.0037201	-0.001466	-9.0964e-05
8.666	0.054803	-238.24	2.7625	0.0043649	-0.0015661	-0.00056307
8.668	0.055916	-235.62	3.1768	0.0050097	-0.0016662	-0.0010352
8.67	0.056985	-232.85	3.5468	0.0058476	-0.0013945	-0.0015914
8.672	0.05813	-229.93	3.9169	0.0066855	-0.0011228	-0.0021475
8.674	0.059454	-226.86	4.262	0.0075233	-0.00085106	-0.0027037
8.676	0.061019	-223.64	4.5822	0.0083612	-0.00057935	-0.0032599
8.678	0.062828	-220.29	4.9024	0.0091991	-0.00030764	-0.003816
8.68	0.064829	-216.8	5.1721	0.0099525	-6.2931e-05	-0.0041529
8.682	0.066923	-213.18	5.4417	0.010706	0.00018178	-0.0044897
8.684	0.068986	-209.44	5.6881	0.011459	0.00042648	-0.0048265
8.686	0.070895	-205.58	5.9113	0.012213	0.00067119	-0.0051633
8.688	0.07255	-201.6	6.1344	0.012966	0.0009159	-0.0055002
8.69	0.073895	-197.52	6.318	0.013098	0.00087634	-0.0054428
8.692	0.074927	-193.33	6.5015	0.01323	0.00083678	-0.0053854
8.694	0.075687	-189.06	6.669	0.013362	0.00079722	-0.0053281
8.696	0.076255	-184.69	6.8204	0.013494	0.00075767	-0.0052707
8.698	0.076721	-180.24	6.9719	0.013626	0.00071811	-0.0052133
8.7	0.077169	-175.72	7.0969	0.012915	0.00056204	-0.004903
8.702	0.077657	-171.13	7.2219	0.012203	0.00040597	-0.0045926
8.704	0.078209	-166.48	7.335	0.011492	0.0002499	-0.0042822
8.706	0.078809	-161.77	7.4361	0.01078	9.3836e-05	-0.0039719
8.708	0.079415	-157.02	7.5373	0.010069	-6.2232e-05	-0.0036615
8.71	0.07997	-152.22	7.614	0.0089356	-8.7922e-05	-0.0033784
8.712	0.080419	-147.39	7.6907	0.0078023	-0.00011361	-0.0030953
8.714	0.080723	-142.54	7.7542	0.0066689	-0.0001393	-0.0028123
8.716	0.080865	-137.66	7.8044	0.0055356	-0.00016499	-0.0025292
8.718	0.080854	-132.78	7.8546	0.0044023	-0.00019068	-0.0022461
8.72	0.080715	-127.88	7.8766	0.0035729	-0.00013421	-0.0021162
8.722	0.080479	-122.98	7.8987	0.0027434	-7.7734e-05	-0.0019863
8.724	0.080168	-118.09	7.907	0.001914	-2.126e-05	-0.0018564
8.726	0.079784	-113.21	7.9016	0.0010845	3.5215e-05	-0.0017265
8.728	0.079308	-108.35	7.8963	0.00025508	9.1689e-05	-0.0015965
8.73	0.078699	-103.51	7.8673	6.503e-05	5.3486e-05	-0.0015152
8.732	0.077903	-98.695	7.8383	-0.00012502	1.5283e-05	-0.0014339
8.734	0.07687	-93.919	7.8006	-0.00031507	-2.292e-05	-0.0013526
8.736	0.075567	-89.18	7.7542	-0.00050512	-6.1124e-05	-0.0012713
8.738	0.07399	-84.487	7.7078	-0.00069517	-9.9327e-05	-0.0011899
8.74	0.072165	-79.841	7.6508	-0.00058968	-0.00016332	-0.00099981
8.742	0.070152	-75.25	7.5938	-0.00048419	-0.00022731	-0.00080967
8.744	0.068026	-70.714	7.534	-0.00037869	-0.0002913	-0.00061953
8.746	0.065864	-66.242	7.4714	-0.0002732	-0.00035529	-0.0004294
8.748	0.063729	-61.833	7.4089	-0.00016771	-0.00041928	-0.00023926
8.75	0.061653	-57.493	7.3425	-0.00031534	-0.00027228	5.1559e-05
8.752	0.059629	-53.224	7.2761	-0.00046298	-0.00012527	0.00034238
8.754	0.057617	-49.03	7.2068	-0.00061061	2.1737e-05	0.0006332
8.756	0.055551	-44.911	7.1345	-0.00075825	0.00016874	0.00092402
8.758	0.053356	-40.872	7.0623	-0.00090588	0.00031575	0.0012148
8.76	0.050972	-36.914	6.9793	-0.0013789	0.00065886	0.0014104
8.762	0.048367	-33.038	6.8963	-0.001852	0.001002	0.001606
8.764	0.04555	-29.245	6.8053	-0.002325	0.0013451	0.0018016
8.766	0.042572	-25.537	6.7061	-0.0027981	0.0016882	0.0019972
8.768	0.039519	-21.914	6.607	-0.0032711	0.0020313	0.0021927
8.77	0.036494	-18.376	6.4881	-0.0036287	0.0022528	0.0021317
8.772	0.033592	-14.924	6.3692	-0.0039862	0.0024742	0.0020706
8.774	0.030887	-11.557	6.2405	-0.0043437	0.0026957	0.0020095
8.776	0.028411	-8.2744	6.102	-0.0047012	0.0029172	0.0019485
8.778	0.026147	-5.0748	5.9635	-0.0050588	0.0031386	0.0018874
8.78	0.024038	-1.958	5.81	-0.0049611	0.0030434	0.0016609
8.782	0.021997	1.0791	5.6566	-0.0048633	0.0029482	0.0014344
8.784	0.01993	4.0364	5.4997	-0.0047656	0.0028529	0.0012078
8.786	0.017756	6.9183	5.3393	-0.0046679	0.0027577	0.00098133
8.788	0.015428	9.7246	5.179	-0.0045702	0.0026624	0.00075482
8.79	0.012943	12.461	5.0216	-0.0041708	0.0024066	0.00061384
8.792	0.010342	15.127	4.8641	-0.0037714	0.0021509	0.00047286
8.794	0.0077022	17.729	4.7126	-0.003372	0.0018951	0.00033188
8.796	0.0051203	20.267	4.5669	-0.0029727	0.0016393	0.0001909
8.798	0.0026899	22.747	4.4213	-0.0025733	0.0013835	4.992e-05
8.8	0.00048241	25.171	4.2936	-0.002205	0.00119	8.6121e-05
8.802	-0.0014676	27.545	4.1659	-0.0018368	0.00099647	0.00012232
8.804	-0.0031671	29.869	4.0482	-0.0014685	0.00080296	0.00015852
8.806	-0.0046601	32.15	3.9406	-0.0011002	0.00060944	0.00019473
8.808	-0.006014	34.39	3.8331	-0.00073198	0.00041593	0.00023093
8.81	-0.0073021	36.595	3.744	-0.00047152	0.00028604	0.00027244
8.812	-0.0085839	38.766	3.655	-0.00021105	0.00015615	0.00031396
8.814	-0.0098907	40.91	3.573	4.9414e-05	2.6257e-05	0.00035548
8.816	-0.011218	43.027	3.4982	0.00030988	-0.00010363	0.00039699
8.818	-0.012527	45.125	3.4233	0.00057034	-0.00023352	0.00043851
8.82	-0.013757	47.202	3.3571	0.00081428	-0.00039198	0.00032549
8.822	-0.01484	49.266	3.2909	0.0010582	-0.00055044	0.00021246
8.824	-0.015721	51.317	3.2264	0.0013021	-0.00070891	9.9442e-05
8.826	-0.016372	53.359	3.1636	0.0015461	-0.00086737	-1.3581e-05
8.828	-0.016804	55.393	3.1007	0.00179	-0.0010258	-0.0001266
8.83	-0.017065	57.423	3.0373	0.0019669	-0.0011696	-0.00029099
8.832	-0.017233	59.449	2.9739	0.0021437	-0.0013134	-0.00045538
8.834	-0.017398	61.474	2.9091	0.0023206	-0.0014572	-0.00061977
8.836	-0.017645	63.497	2.8427	0.0024974	-0.001601	-0.00078416
8.838	-0.018037	65.521	2.7764	0.0026743	-0.0017448	-0.00094855
8.84	-0.018597	67.544	2.7062	0.0026506	-0.0017722	-0.00094997
8.842	-0.019307	69.567	2.636	0.0026269	-0.0017996	-0.00095139
8.844	-0.02011	71.589	2.5638	0.0026032	-0.001827	-0.00095282
8.846	-0.020922	73.609	2.4896	0.0025795	-0.0018544	-0.00095424
8.848	-0.021649	75.626	2.4154	0.0025558	-0.0018818	-0.00095566
8.85	-0.022208	77.637	2.3373	0.0023848	-0.0018351	-0.00078536
8.852	-0.022538	79.641	2.2591	0.0022138	-0.0017884	-0.00061506
8.854	-0.022619	81.634	2.1789	0.0020428	-0.0017417	-0.00044475
8.856	-0.022463	83.615	2.0967	0.0018718	-0.001695	-0.00027445
8.858	-0.022119	85.577	2.0145	0.0017008	-0.0016483	-0.00010414
8.86	-0.021652	87.522	1.9276	0.0015938	-0.0016813	3.1579e-05
8.862	-0.021137	89.44	1.8408	0.0014867	-0.0017142	0.0001673
8.864	-0.020636	91.331	1.7512	0.0013797	-0.0017472	0.00030302
8.866	-0.020192	93.188	1.659	0.0012726	-0.0017801	0.00043874
8.868	-0.019825	95.009	1.5668	0.0011656	-0.0018131	0.00057447
8.87	-0.019529	96.786	1.4685	0.001223	-0.0019928	0.00053089
8.872	-0.01928	98.518	1.3702	0.0012804	-0.0021726	0.00048731
8.874	-0.01905	100.2	1.2687	0.0013379	-0.0023524	0.00044373
8.876	-0.018813	101.82	1.164	0.0013953	-0.0025321	0.00040015
8.878	-0.018555	103.38	1.0593	0.0014527	-0.0027119	0.00035657
8.88	-0.018279	104.88	0.94863	0.0015816	-0.0029505	0.0002115
8.882	-0.018002	106.3	0.83794	0.0017106	-0.003189	6.6421e-05
8.884	-0.017751	107.65	0.72494	0.0018396	-0.0034276	-7.8655e-05
8.886	-0.017552	108.92	0.60962	0.0019685	-0.0036662	-0.00022373
8.888	-0.017423	110.11	0.4943	0.0020975	-0.0039047	-0.00036881
8.89	-0.017365	111.21	0.37673	0.0021695	-0.004061	-0.0004222
8.892	-0.017361	112.23	0.25917	0.0022415	-0.0042172	-0.0004756
8.894	-0.017377	113.15	0.14214	0.0023136	-0.0043734	-0.00052899
8.896	-0.017364	113.98	0.025656	0.0023856	-0.0045296	-0.00058238
8.898	-0.017278	114.71	-0.090831	0.0024577	-0.0046858	-0.00063578
8.9	-0.017078	115.35	-0.20231	0.0024163	-0.0046549	-0.00048436
8.902	-0.016745	115.88	-0.31378	0.0023749	-0.0046239	-0.00033295
8.904	-0.016282	116.32	-0.42072	0.0023335	-0.004593	-0.00018153
8.906	-0.015714	116.67	-0.52312	0.0022921	-0.004562	-3.0115e-05
8.908	-0.015087	116.91	-0.62552	0.0022507	-0.0045311	0.0001213
8.91	-0.014456	117.06	-0.71524	0.0020666	-0.0042601	0.00040591
8.912	-0.013874	117.12	-0.80496	0.0018824	-0.0039892	0.00069052
8.914	-0.013384	117.09	-0.88704	0.0016982	-0.0037182	0.00097513
8.916	-0.013013	116.96	-0.96147	0.0015141	-0.0034473	0.0012597
8.918	-0.012762	116.76	-1.0359	0.0013299	-0.0031764	0.0015443
8.92	-0.012613	116.47	-1.0938	0.00097902	-0.0027144	0.0017593
8.922	-0.012533	116.11	-1.1516	0.00062812	-0.0022525	0.0019743
8.924	-0.012479	115.67	-1.2013	0.00027723	-0.0017906	0.0021893
8.926	-0.012414	115.17	-1.2427	-7.3668e-05	-0.0013286	0.0024043
8.928	-0.012309	114.61	-1.2841	-0.00042456	-0.00086671	0.0026193
8.93	-0.012152	113.99	-1.3102	-0.00088268	-0.00041319	0.0026044
8.932	-0.011947	113.32	-1.3364	-0.0013408	4.0328e-05	0.0025894
8.934	-0.011716	112.61	-1.3558	-0.0017989	0.00049385	0.0025745
8.936	-0.011491	111.86	-1.3684	-0.002257	0.00094737	0.0025596
8.938	-0.011305	111.08	-1.3811	-0.0027151	0.0014009	0.0025447
8.94	-0.01119	110.27	-1.3821	-0.0031171	0.0016417	0.0023249
8.942	-0.011166	109.44	-1.3831	-0.003519	0.0018825	0.0021052
8.944	-0.011238	108.6	-1.379	-0.003921	0.0021233	0.0018855
8.946	-0.011399	107.75	-1.3698	-0.0043229	0.0023641	0.0016657
8.948	-0.011628	106.9	-1.3606	-0.0047248	0.002605	0.001446
8.95	-0.011894	106.05	-1.3422	-0.0049275	0.0026656	0.0012139
8.952	-0.012164	105.21	-1.3239	-0.0051303	0.0027262	0.00098188
8.954	-0.012407	104.38	-1.3013	-0.005333	0.0027868	0.00074983
8.956	-0.012598	103.57	-1.2745	-0.0055357	0.0028474	0.00051778
8.958	-0.01272	102.78	-1.2478	-0.0057384	0.002908	0.00028573
8.96	-0.012769	102.02	-1.2134	-0.005728	0.0030098	0.00023463
8.962	-0.012748	101.28	-1.179	-0.0057176	0.0031115	0.00018353
8.964	-0.012671	100.57	-1.1413	-0.0057072	0.0032132	0.00013243
8.966	-0.012555	99.899	-1.1004	-0.0056968	0.003315	8.1325e-05
8.968	-0.012425	99.259	-1.0595	-0.0056865	0.0034167	3.0223e-05
8.97	-0.012301	98.654	-1.0135	-0.0055263	0.0036166	0.0001709
8.972	-0.012206	98.085	-0.96748	-0.0053661	0.0038164	0.00031157
8.974	-0.012156	97.553	-0.91968	-0.0052059	0.0040163	0.00045224
8.976	-0.012165	97.057	-0.8701	-0.0050458	0.0042162	0.00059291
8.978	-0.012238	96.597	-0.82051	-0.0048856	0.004416	0.00073359
8.98	-0.012373	96.172	-0.76851	-0.0046111	0.0044533	0.00088207
8.982	-0.012562	95.78	-0.7165	-0.0043366	0.0044907	0.0010305
8.984	-0.012788	95.421	-0.66346	-0.0040621	0.004528	0.001179
8.986	-0.013031	95.092	-0.60937	-0.0037876	0.0045653	0.0013275
8.988	-0.013269	94.791	-0.55528	-0.003513	0.0046026	0.001476
8.99	-0.013479	94.515	-0.49843	-0.0031527	0.0042274	0.0014668
8.992	-0.013645	94.263	-0.44157	-0.0027924	0.0038522	0.0014576
8.994	-0.013755	94.031	-0.38259	-0.0024321	0.003477	0.0014485
8.996	-0.013809	93.818	-0.32148	-0.0020717	0.0031019	0.0014393
8.998	-0.013815	93.619	-0.26037	-0.0017114	0.0027267	0.0014301
9	-0.013789	93.434	-0.19327	-0.0013763	0.0020986	0.0013093
9.002	-0.013752	93.258	-0.12616	-0.0010411	0.0014706	0.0011884
9.004	-0.013724	93.09	-0.055438	-0.00070598	0.00084259	0.0010676
9.006	-0.013722	92.927	0.018895	-0.00037084	0.00021457	0.00094677
9.008	-0.013757	92.768	0.093228	-3.5691e-05	-0.00041345	0.00082592
9.01	-0.013828	92.61	0.17487	0.00014011	-0.00081627	0.00075378
9.012	-0.013926	92.452	0.25652	0.00031591	-0.0012191	0.00068164
9.014	-0.014036	92.292	0.34116	0.00049171	-0.0016219	0.0006095
9.016	-0.014139	92.131	0.4288	0.00066751	-0.0020247	0.00053735
9.018	-0.014217	91.966	0.51645	0.00084331	-0.0024275	0.00046521
9.02	-0.01426	91.797	0.60764	0.00088735	-0.0023234	0.00046819
9.022	-0.014267	91.626	0.69883	0.00093138	-0.0022194	0.00047117
9.024	-0.014249	91.452	0.79033	0.00097542	-0.0021153	0.00047415
9.026	-0.014223	91.276	0.88214	0.0010195	-0.0020113	0.00047713
9.028	-0.014215	91.099	0.97396	0.0010635	-0.0019072	0.00048012
9.03	-0.014245	90.924	1.0638	0.0011589	-0.0015139	0.0004276
9.032	-0.014331	90.75	1.1537	0.0012544	-0.0011206	0.00037508
9.034	-0.014479	90.582	1.2417	0.0013499	-0.00072728	0.00032255
9.036	-0.014678	90.419	1.328	0.0014453	-0.00033398	0.00027003
9.038	-0.014908	90.267	1.4142	0.0015408	5.9326e-05	0.00021751
9.04	-0.01514	90.127	1.4963	0.001745	0.0003068	5.8496e-05
9.042	-0.015339	90.003	1.5783	0.0019491	0.00055427	-0.00010052
9.044	-0.015479	89.895	1.6583	0.0021533	0.00080175	-0.00025954
9.046	-0.015544	89.811	1.7363	0.0023575	0.0010492	-0.00041856
9.048	-0.015535	89.75	1.8142	0.0025617	0.0012967	-0.00057758
9.05	-0.015468	89.718	1.8881	0.0026659	0.0012183	-0.00069016
9.052	-0.015378	89.716	1.962	0.0027701	0.0011399	-0.00080274
9.054	-0.015305	89.748	2.0334	0.0028743	0.0010614	-0.00091532
9.056	-0.015292	89.816	2.1025	0.0029785	0.00098302	-0.0010279
9.058	-0.01537	89.924	2.1715	0.0030827	0.0009046	-0.0011405
9.06	-0.015553	90.072	2.2338	0.0029073	0.00064983	-0.0010476
9.062	-0.015834	90.264	2.2961	0.002732	0.00039507	-0.00095466
9.064	-0.016184	90.5	2.3536	0.0025567	0.0001403	-0.00086174
9.066	-0.016555	90.783	2.4063	0.0023814	-0.00011447	-0.00076883
9.068	-0.016889	91.112	2.4589	0.0022061	-0.00036923	-0.00067592
9.07	-0.017132	91.489	2.4989	0.0019227	-0.00059766	-0.00045832
9.072	-0.017239	91.913	2.539	0.0016393	-0.0008261	-0.00024073
9.074	-0.017187	92.383	2.5717	0.0013559	-0.0010545	-2.3133e-05
9.076	-0.01698	92.9	2.597	0.0010725	-0.001283	0.00019446
9.078	-0.016648	93.459	2.6224	0.00078915	-0.0015114	0.00041206
9.08	-0.01624	94.062	2.6328	0.00073354	-0.0016197	0.00049459
9.082	-0.01582	94.703	2.6433	0.00067793	-0.001728	0.00057711
9.084	-0.015452	95.382	2.6474	0.00062232	-0.0018364	0.00065964
9.086	-0.015189	96.093	2.6451	0.00056671	-0.0019447	0.00074217
9.088	-0.015067	96.835	2.6428	0.0005111	-0.002053	0.0008247
9.09	-0.015096	97.599	2.6317	0.00072046	-0.0020173	0.00063914
9.092	-0.015265	98.385	2.6206	0.00092982	-0.0019816	0.00045358
9.094	-0.015542	99.184	2.6075	0.0011392	-0.0019458	0.00026803
9.096	-0.015883	99.996	2.5926	0.0013485	-0.0019101	8.2469e-05
9.098	-0.016241	100.81	2.5776	0.0015579	-0.0018744	-0.00010309
9.1	-0.016576	101.62	2.5631	0.001726	-0.0017454	-0.00040153
9.102	-0.016858	102.43	2.5487	0.0018941	-0.0016164	-0.00069997
9.104	-0.017073	103.22	2.536	0.0020622	-0.0014875	-0.0009984
9.106	-0.017221	103.99	2.525	0.0022303	-0.0013585	-0.0012968
9.108	-0.017308	104.73	2.5139	0.0023985	-0.0012295	-0.0015953
9.11	-0.017349	105.44	2.507	0.0023297	-0.0011593	-0.0017542
9.112	-0.017355	106.12	2.5001	0.0022609	-0.001089	-0.0019132
9.114	-0.017332	106.74	2.4945	0.0021921	-0.0010188	-0.0020721
9.116	-0.017281	107.33	2.4903	0.0021233	-0.00094856	-0.0022311
9.118	-0.017198	107.85	2.4861	0.0020545	-0.00087833	-0.00239
9.12	-0.017075	108.31	2.4821	0.0019407	-0.00098265	-0.002355
9.122	-0.016911	108.71	2.4781	0.0018269	-0.001087	-0.00232
9.124	-0.016707	109.04	2.4729	0.0017131	-0.0011913	-0.0022849
9.126	-0.016477	109.3	2.4665	0.0015992	-0.0012956	-0.0022499
9.128	-0.016236	109.48	2.46	0.0014854	-0.0013999	-0.0022148
9.13	-0.016005	109.58	2.4495	0.0015989	-0.0015928	-0.002143
9.132	-0.015801	109.59	2.439	0.0017123	-0.0017856	-0.0020711
9.134	-0.015633	109.53	2.4263	0.0018258	-0.0019785	-0.0019993
9.136	-0.015497	109.38	2.4115	0.0019392	-0.0021713	-0.0019274
9.138	-0.015375	109.14	2.3967	0.0020526	-0.0023642	-0.0018556
9.14	-0.01524	108.82	2.3787	0.0022983	-0.0024321	-0.0018567
9.142	-0.01506	108.42	2.3608	0.002544	-0.0025	-0.0018578
9.144	-0.01481	107.93	2.3421	0.0027897	-0.0025679	-0.0018589
9.146	-0.014478	107.35	2.3227	0.0030354	-0.0026358	-0.00186
9.148	-0.014072	106.7	2.3034	0.003281	-0.0027037	-0.0018611
9.15	-0.013623	105.97	2.2841	0.0032309	-0.0025409	-0.0018482
9.152	-0.013178	105.16	2.2649	0.0031807	-0.0023781	-0.0018352
9.154	-0.012794	104.28	2.246	0.0031306	-0.0022153	-0.0018222
9.156	-0.012522	103.33	2.2275	0.0030804	-0.0020525	-0.0018092
9.158	-0.012398	102.31	2.2089	0.0030303	-0.0018897	-0.0017963
9.16	-0.012426	101.24	2.1903	0.0024353	-0.0016003	-0.0016391
9.162	-0.012579	100.11	2.1717	0.0018404	-0.0013109	-0.0014819
9.164	-0.012798	98.921	2.1521	0.0012455	-0.0010215	-0.0013248
9.166	-0.013003	97.692	2.1316	0.0006506	-0.00073204	-0.0011676
9.168	-0.013111	96.419	2.111	5.5689e-05	-0.00044263	-0.0010105
9.17	-0.013054	95.111	2.0862	-0.00076547	-0.00022041	-0.00073599
9.172	-0.012795	93.769	2.0613	-0.0015866	1.8033e-06	-0.00046152
9.174	-0.01234	92.401	2.0331	-0.0024078	0.00022402	-0.00018705
9.176	-0.011738	91.008	2.0017	-0.0032289	0.00044623	8.7419e-05
9.178	-0.011073	89.599	1.9703	-0.0040501	0.00066845	0.00036189
9.18	-0.010449	88.175	1.9309	-0.0044818	0.00073929	0.00061392
9.182	-0.0099592	86.742	1.8914	-0.0049135	0.00081013	0.00086596
9.184	-0.0096712	85.301	1.8478	-0.0053452	0.00088097	0.001118
9.186	-0.009604	83.859	1.7998	-0.0057769	0.00095181	0.00137
9.188	-0.0097229	82.416	1.7519	-0.0062086	0.0010226	0.0016221
9.19	-0.0099431	80.979	1.696	-0.0060299	0.0010485	0.0017817
9.192	-0.010148	79.545	1.6402	-0.0058512	0.0010743	0.0019414
9.194	-0.010215	78.121	1.581	-0.0056725	0.0011002	0.0021011
9.196	-0.010044	76.706	1.5184	-0.0054938	0.001126	0.0022608
9.198	-0.0095817	75.302	1.4558	-0.0053151	0.0011518	0.0024205
9.2	-0.0088376	73.91	1.3882	-0.0049406	0.0012782	0.0025133
9.202	-0.0078839	72.531	1.3205	-0.0045662	0.0014045	0.0026061
9.204	-0.0068411	71.164	1.2513	-0.0041917	0.0015308	0.0026989
9.206	-0.0058503	69.81	1.1804	-0.0038172	0.0016571	0.0027916
9.208	-0.0050406	68.468	1.1095	-0.0034427	0.0017834	0.0028844
9.21	-0.0044968	67.137	1.0372	-0.0033634	0.0019675	0.0028952
9.212	-0.0042364	65.817	0.96487	-0.0032841	0.0021517	0.0029059
9.214	-0.0042016	64.506	0.89276	-0.0032048	0.0023358	0.0029167
9.216	-0.0042703	63.203	0.82084	-0.0031254	0.0025199	0.0029275
9.218	-0.004282	61.905	0.74893	-0.0030461	0.002704	0.0029382
9.22	-0.004074	60.612	0.67908	-0.0032382	0.0027422	0.0027874
9.222	-0.0035214	59.32	0.60923	-0.0034302	0.0027804	0.0026365
9.224	-0.0025678	58.029	0.54111	-0.0036222	0.0028187	0.0024857
9.226	-0.0012409	56.735	0.47471	-0.0038143	0.0028569	0.0023349
9.228	0.0003514	55.438	0.40831	-0.0040063	0.0028951	0.002184
9.23	0.0020448	54.134	0.34622	-0.0041044	0.002717	0.0018918
9.232	0.0036582	52.823	0.28413	-0.0042024	0.0025389	0.0015995
9.234	0.0050386	51.502	0.22427	-0.0043005	0.0023608	0.0013072
9.236	0.0061008	50.17	0.16663	-0.0043985	0.0021826	0.0010149
9.238	0.0068523	48.824	0.10899	-0.0044966	0.0020045	0.00072267
9.24	0.0073961	47.465	0.055189	-0.0043847	0.0018258	0.00048809
9.242	0.0079092	46.09	0.0013892	-0.0042728	0.0016471	0.00025351
9.244	0.0086008	44.699	-0.051076	-0.0041608	0.0014684	1.8928e-05
9.246	0.0096603	43.291	-0.10221	-0.0040489	0.0012897	-0.00021565
9.248	0.011206	41.866	-0.15334	-0.003937	0.001111	-0.00045023
9.25	0.013246	40.424	-0.20315	-0.003867	0.0011961	-0.00043403
9.252	0.015668	38.964	-0.25295	-0.0037971	0.0012812	-0.00041783
9.254	0.018255	37.488	-0.30263	-0.0037271	0.0013662	-0.00040162
9.256	0.020721	35.997	-0.35216	-0.0036571	0.0014513	-0.00038542
9.258	0.022781	34.491	-0.40169	-0.0035871	0.0015364	-0.00036921
9.26	0.024208	32.97	-0.45136	-0.0037394	0.0018605	-0.00013832
9.262	0.024892	31.439	-0.50102	-0.0038918	0.0021846	9.2563e-05
9.264	0.024869	29.896	-0.55059	-0.0040441	0.0025087	0.00032345
9.266	0.024322	28.346	-0.60006	-0.0041964	0.0028328	0.00055434
9.268	0.023542	26.789	-0.64953	-0.0043488	0.0031569	0.00078522
9.27	0.022873	25.229	-0.69796	-0.0045404	0.0034019	0.0010007
9.272	0.022629	23.666	-0.74639	-0.004732	0.003647	0.0012161
9.274	0.023025	22.106	-0.79384	-0.0049237	0.003892	0.0014316
9.276	0.024126	20.548	-0.8403	-0.0051153	0.004137	0.001647
9.278	0.025823	18.998	-0.88676	-0.0053069	0.004382	0.0018625
9.28	0.027854	17.455	-0.93065	-0.0052258	0.0042749	0.0018757
9.282	0.029858	15.925	-0.97454	-0.0051447	0.0041678	0.0018889
9.284	0.031449	14.407	-1.0171	-0.0050636	0.0040607	0.0019021
9.286	0.032304	12.908	-1.0584	-0.0049825	0.0039536	0.0019154
9.288	0.03223	11.426	-1.0997	-0.0049014	0.0038466	0.0019286
9.29	0.031213	9.9664	-1.1389	-0.0044853	0.0034363	0.0017455
9.292	0.029417	8.5289	-1.1781	-0.0040693	0.003026	0.0015625
9.294	0.027149	7.1172	-1.2165	-0.0036533	0.0026158	0.0013794
9.296	0.024789	5.7314	-1.2542	-0.0032373	0.0022055	0.0011964
9.298	0.022706	4.3742	-1.2919	-0.0028213	0.0017952	0.0010133
9.3	0.02117	3.0456	-1.3284	-0.002282	0.001357	0.00076478
9.302	0.020293	1.7474	-1.3648	-0.0017427	0.00091875	0.00051624
9.304	0.020009	0.47954	-1.4005	-0.0012035	0.00048051	0.00026769
9.306	0.020081	-0.75741	-1.4355	-0.0006642	4.2275e-05	1.9144e-05
9.308	0.020168	-1.9634	-1.4705	-0.00012493	-0.00039596	-0.0002294
9.31	0.019897	-3.1392	-1.503	0.00033245	-0.00067248	-0.00042841
9.312	0.018957	-4.2846	-1.5356	0.00078983	-0.000949	-0.00062741
9.314	0.017172	-5.4015	-1.5664	0.0012472	-0.0012255	-0.00082641
9.316	0.014542	-6.4899	-1.5954	0.0017046	-0.001502	-0.0010254
9.318	0.011245	-7.5527	-1.6244	0.002162	-0.0017785	-0.0012244
9.32	0.0076006	-8.59	-1.6491	0.0024774	-0.0019025	-0.001317
9.322	0.0039961	-9.6056	-1.6738	0.0027928	-0.0020264	-0.0014096
9.324	0.00080263	-10.6	-1.6963	0.0031082	-0.0021504	-0.0015021
9.326	-0.0017054	-11.577	-1.7166	0.0034236	-0.0022743	-0.0015947
9.328	-0.0034053	-12.537	-1.737	0.0037391	-0.0023983	-0.0016873
9.33	-0.0043448	-13.487	-1.7537	0.0038727	-0.0024044	-0.0016519
9.332	-0.0047201	-14.424	-1.7705	0.0040063	-0.0024105	-0.0016165
9.334	-0.0048191	-15.357	-1.7863	0.00414	-0.0024166	-0.0015812
9.336	-0.0049459	-16.285	-1.8009	0.0042736	-0.0024227	-0.0015458
9.338	-0.0053447	-17.213	-1.8156	0.0044072	-0.0024288	-0.0015104
9.34	-0.0061422	-18.143	-1.8295	0.0042962	-0.0022808	-0.0013818
9.342	-0.0073231	-19.08	-1.8433	0.0041852	-0.0021328	-0.0012532
9.344	-0.0087435	-20.024	-1.8569	0.0040742	-0.0019847	-0.0011247
9.346	-0.010178	-20.982	-1.8704	0.0039632	-0.0018367	-0.00099607
9.348	-0.01139	-21.954	-1.8839	0.0038522	-0.0016887	-0.00086748
9.35	-0.012199	-22.944	-1.8963	0.0035655	-0.0014391	-0.00075375
9.352	-0.012535	-23.955	-1.9087	0.0032787	-0.0011895	-0.00064001
9.354	-0.012461	-24.989	-1.9197	0.002992	-0.00093984	-0.00052628
9.356	-0.012155	-26.048	-1.9294	0.0027052	-0.00069023	-0.00041254
9.358	-0.011859	-27.136	-1.9391	0.0024185	-0.00044062	-0.00029881
9.36	-0.01181	-28.253	-1.9442	0.0021842	-0.0003133	-0.00030372
9.362	-0.012162	-29.402	-1.9493	0.0019499	-0.00018597	-0.00030863
9.364	-0.012935	-30.583	-1.9517	0.0017156	-5.8649e-05	-0.00031354
9.366	-0.013999	-31.799	-1.9514	0.0014813	6.8675e-05	-0.00031846
9.368	-0.015098	-33.05	-1.9511	0.001247	0.000196	-0.00032337
9.37	-0.015916	-34.336	-1.9465	0.0012439	3.2211e-05	-0.0004514
9.372	-0.016168	-35.659	-1.9419	0.0012409	-0.00013158	-0.00057944
9.374	-0.015691	-37.018	-1.9367	0.0012379	-0.00029536	-0.00070748
9.376	-0.014511	-38.413	-1.9311	0.0012348	-0.00045915	-0.00083552
9.378	-0.012866	-39.844	-1.9255	0.0012318	-0.00062294	-0.00096356
9.38	-0.011171	-41.31	-1.9238	0.0014387	-0.00096865	-0.0011245
9.382	-0.0099322	-42.809	-1.9222	0.0016456	-0.0013144	-0.0012855
9.384	-0.0096186	-44.342	-1.925	0.0018525	-0.0016601	-0.0014465
9.386	-0.010529	-45.905	-1.9324	0.0020593	-0.0020058	-0.0016075
9.388	-0.012678	-47.499	-1.9398	0.0022662	-0.0023515	-0.0017685
9.39	-0.015743	-49.12	-1.9598	0.0025236	-0.0026058	-0.0018543
9.392	-0.019079	-50.767	-1.9798	0.002781	-0.0028602	-0.0019401
9.394	-0.021819	-52.437	-2.0064	0.0030384	-0.0031145	-0.0020259
9.396	-0.02304	-54.129	-2.0396	0.0032958	-0.0033688	-0.0021117
9.398	-0.021965	-55.839	-2.0729	0.0035531	-0.0036232	-0.0021975
9.4	-0.018163	-57.566	-2.1163	0.0037074	-0.0036403	-0.0021548
9.402	-0.011699	-59.306	-2.1597	0.0038617	-0.0036574	-0.0021122
9.404	-0.0031985	-61.057	-2.2052	0.0040159	-0.0036745	-0.0020696
9.406	0.0061942	-62.816	-2.2527	0.0041702	-0.0036917	-0.0020269
9.408	0.014966	-64.581	-2.3002	0.0043244	-0.0037088	-0.0019843
9.41	0.021471	-66.348	-2.3444	0.0043245	-0.0035698	-0.0018587
9.412	0.02421	-68.117	-2.3886	0.0043246	-0.0034308	-0.0017331
9.414	0.022112	-69.881	-2.4278	0.0043247	-0.0032918	-0.0016075
9.416	0.014744	-71.642	-2.4619	0.0043248	-0.0031528	-0.001482
9.418	0.0024249	-73.395	-2.496	0.0043249	-0.0030138	-0.0013564
9.42	-0.013789	-75.139	-2.5158	0.0042086	-0.0028498	-0.0012649
9.422	-0.032247	-76.871	-2.5357	0.0040924	-0.0026859	-0.0011734
9.424	-0.050952	-78.589	-2.548	0.0039762	-0.002522	-0.0010819
9.426	-0.067869	-80.292	-2.5529	0.00386	-0.002358	-0.0009904
9.428	-0.081237	-81.978	-2.5578	0.0037437	-0.0021941	-0.00089891
9.43	-0.089833	-83.645	-2.5504	0.0035237	-0.001991	-0.00090681
9.432	-0.093135	-85.293	-2.5431	0.0033037	-0.001788	-0.00091471
9.434	-0.091361	-86.92	-2.5319	0.0030836	-0.0015849	-0.00092261
9.436	-0.085388	-88.526	-2.5171	0.0028636	-0.0013819	-0.00093052
9.438	-0.076564	-90.109	-2.5022	0.0026436	-0.0011788	-0.00093842
9.44	-0.066445	-91.67	-2.485	0.0022694	-0.00084609	-0.00096449
9.442	-0.056532	-93.208	-2.4678	0.0018952	-0.00051336	-0.00099056
9.444	-0.048034	-94.723	-2.4513	0.001521	-0.00018063	-0.0010166
9.446	-0.041703	-96.216	-2.4355	0.0011468	0.00015211	-0.0010427
9.448	-0.037782	-97.686	-2.4198	0.00077262	0.00048484	-0.0010688
9.45	-0.036034	-99.134	-2.4072	0.00029113	0.00085004	-0.00097909
9.452	-0.03587	-100.56	-2.3946	-0.00019035	0.0012152	-0.00088942
9.454	-0.036521	-101.97	-2.3835	-0.00067184	0.0015804	-0.00079975
9.456	-0.037226	-103.36	-2.3739	-0.0011533	0.0019456	-0.00071007
9.458	-0.037386	-104.73	-2.3642	-0.0016348	0.0023109	-0.0006204
9.46	-0.036668	-106.08	-2.3559	-0.0019534	0.0023885	-0.00042634
9.462	-0.035038	-107.42	-2.3476	-0.002272	0.0024662	-0.00023228
9.464	-0.032724	-108.74	-2.3392	-0.0025906	0.0025439	-3.8218e-05
9.466	-0.030123	-110.05	-2.3308	-0.0029092	0.0026216	0.00015584
9.468	-0.027683	-111.35	-2.3224	-0.0032278	0.0026993	0.0003499
9.47	-0.02579	-112.64	-2.3134	-0.0030833	0.002317	0.00046016
9.472	-0.024679	-113.91	-2.3043	-0.0029387	0.0019347	0.00057042
9.474	-0.024388	-115.19	-2.2953	-0.0027942	0.0015523	0.00068068
9.476	-0.024768	-116.45	-2.2863	-0.0026497	0.00117	0.00079093
9.478	-0.025533	-117.72	-2.2773	-0.0025051	0.00078765	0.00090119
9.48	-0.026339	-118.97	-2.2702	-0.0019162	0.00021534	0.00076761
9.482	-0.026867	-120.23	-2.2631	-0.0013272	-0.00035697	0.00063402
9.484	-0.0269	-121.49	-2.2578	-0.00073826	-0.00092928	0.00050043
9.486	-0.026359	-122.75	-2.2544	-0.00014931	-0.0015016	0.00036685
9.488	-0.025314	-124	-2.251	0.00043964	-0.0020739	0.00023326
9.49	-0.02395	-125.27	-2.2526	0.0010577	-0.002377	-7.1898e-05
9.492	-0.022516	-126.53	-2.2542	0.0016757	-0.00268	-0.00037706
9.494	-0.021259	-127.8	-2.2586	0.0022937	-0.0029831	-0.00068222
9.496	-0.020362	-129.07	-2.2657	0.0029117	-0.0032862	-0.00098739
9.498	-0.019909	-130.35	-2.2728	0.0035298	-0.0035892	-0.0012925
9.5	-0.019874	-131.64	-2.285	0.0036872	-0.0034518	-0.0015
9.502	-0.020128	-132.93	-2.2972	0.0038445	-0.0033143	-0.0017074
9.504	-0.020489	-134.23	-2.3118	0.0040019	-0.0031768	-0.0019148
9.506	-0.020761	-135.53	-2.3287	0.0041593	-0.0030393	-0.0021222
9.508	-0.020787	-136.85	-2.3457	0.0043167	-0.0029019	-0.0023296
9.51	-0.020483	-138.17	-2.3679	0.0039081	-0.0025219	-0.0022366
9.512	-0.01985	-139.5	-2.3901	0.0034996	-0.002142	-0.0021436
9.514	-0.018974	-140.83	-2.4156	0.003091	-0.0017621	-0.0020505
9.516	-0.01799	-142.18	-2.4446	0.0026824	-0.0013821	-0.0019575
9.518	-0.017057	-143.53	-2.4735	0.0022738	-0.0010022	-0.0018645
9.52	-0.01631	-144.89	-2.5118	0.0017628	-0.00067214	-0.0015696
9.522	-0.015835	-146.27	-2.5501	0.0012518	-0.00034211	-0.0012748
9.524	-0.015652	-147.65	-2.5943	0.00074078	-1.2072e-05	-0.00097994
9.526	-0.015716	-149.04	-2.6446	0.00022976	0.00031796	-0.0006851
9.528	-0.015934	-150.44	-2.6949	-0.00028125	0.000648	-0.00039026
9.53	-0.01619	-151.85	-2.7586	-0.00026882	0.00073324	-0.00020522
9.532	-0.016371	-153.27	-2.8224	-0.00025638	0.00081849	-2.0169e-05
9.534	-0.016396	-154.7	-2.8926	-0.00024394	0.00090373	0.00016488
9.536	-0.01623	-156.15	-2.9692	-0.0002315	0.00098898	0.00034992
9.538	-0.015879	-157.61	-3.0458	-0.00021906	0.0010742	0.00053497
9.54	-0.015388	-159.08	-3.1317	0.0003633	0.00086922	0.00044897
9.542	-0.014819	-160.57	-3.2177	0.00094565	0.00066422	0.00036296
9.544	-0.014233	-162.07	-3.3053	0.001528	0.00045921	0.00027696
9.546	-0.013675	-163.59	-3.3945	0.0021104	0.00025421	0.00019095
9.548	-0.01316	-165.13	-3.4837	0.0026927	4.9209e-05	0.00010494
9.55	-0.012679	-166.69	-3.5684	0.0031601	-0.00029021	-7.8603e-05
9.552	-0.012203	-168.27	-3.6532	0.0036275	-0.00062963	-0.00026215
9.554	-0.011695	-169.87	-3.7316	0.0040949	-0.00096905	-0.0004457
9.556	-0.011129	-171.5	-3.8038	0.0045623	-0.0013085	-0.00062925
9.558	-0.010497	-173.14	-3.8759	0.0050298	-0.0016479	-0.0008128
9.56	-0.0098133	-174.82	-3.9283	0.0047952	-0.0018439	-0.00083876
9.562	-0.0091092	-176.51	-3.9806	0.0045606	-0.0020399	-0.00086473
9.564	-0.0084265	-178.23	-4.0203	0.004326	-0.002236	-0.00089069
9.566	-0.0078009	-179.98	-4.0473	0.0040914	-0.002432	-0.00091666
9.568	-0.007249	-181.76	-4.0743	0.0038569	-0.002628	-0.00094262
9.57	-0.0067603	-183.56	-4.0722	0.0031626	-0.0025429	-0.0007977
9.572	-0.0062958	-185.39	-4.07	0.0024683	-0.0024577	-0.00065278
9.574	-0.005794	-187.25	-4.0521	0.0017741	-0.0023726	-0.00050786
9.576	-0.0051844	-189.13	-4.0184	0.0010798	-0.0022875	-0.00036294
9.578	-0.0044042	-191.03	-3.9847	0.00038558	-0.0022023	-0.00021802
9.58	-0.0034138	-192.96	-3.9176	-0.0001537	-0.0019679	-7.8804e-05
9.582	-0.0022083	-194.9	-3.8505	-0.00069298	-0.0017335	6.0417e-05
9.584	-0.00082065	-196.87	-3.7658	-0.0012323	-0.001499	0.00019964
9.586	0.00068405	-198.85	-3.6635	-0.0017715	-0.0012646	0.00033886
9.588	0.0022214	-200.85	-3.5612	-0.0023108	-0.0010302	0.00047808
9.59	0.0037052	-202.85	-3.4215	-0.0026063	-0.00087095	0.00052453
9.592	0.0050665	-204.86	-3.2817	-0.0029018	-0.00071172	0.00057098
9.594	0.0062686	-206.87	-3.1219	-0.0031973	-0.0005525	0.00061744
9.596	0.0073137	-208.87	-2.9421	-0.0034929	-0.00039327	0.00066389
9.598	0.0082419	-210.87	-2.7622	-0.0037884	-0.00023404	0.00071034
9.6	0.0091224	-212.85	-2.5397	-0.0041796	-0.00023333	0.0007533
9.602	0.010037	-214.81	-2.3171	-0.0045707	-0.00023263	0.00079627
9.604	0.011062	-216.74	-2.072	-0.0049619	-0.00023192	0.00083923
9.606	0.01225	-218.64	-1.8045	-0.0053531	-0.00023121	0.00088219
9.608	0.013623	-220.5	-1.5369	-0.0057443	-0.00023051	0.00092515
9.61	0.015165	-222.31	-1.2231	-0.006187	-0.00028296	0.0010984
9.612	0.016826	-224.06	-0.90926	-0.0066297	-0.00033542	0.0012717
9.614	0.018539	-225.75	-0.57221	-0.0070724	-0.00038788	0.001445
9.616	0.02023	-227.37	-0.21194	-0.0075151	-0.00044033	0.0016183
9.618	0.021837	-228.91	0.14833	-0.0079579	-0.00049279	0.0017916
9.62	0.023323	-230.36	0.55376	-0.0079483	-0.00042169	0.0021573
9.622	0.02468	-231.72	0.95919	-0.0079386	-0.00035059	0.0025231
9.624	0.025932	-232.97	1.3858	-0.007929	-0.0002795	0.0028888
9.626	0.027125	-234.11	1.8335	-0.0079194	-0.0002084	0.0032545
9.628	0.028318	-235.13	2.2812	-0.0079098	-0.0001373	0.0036202
9.63	0.029568	-236.02	2.7667	-0.0072656	0.00013674	0.0041017
9.632	0.030916	-236.78	3.2522	-0.0066213	0.00041079	0.0045832
9.634	0.032384	-237.39	3.7533	-0.0059771	0.00068483	0.0050646
9.636	0.033967	-237.86	4.27	-0.0053328	0.00095888	0.0055461
9.638	0.03564	-238.17	4.7868	-0.0046885	0.0012329	0.0060275
9.64	0.037364	-238.33	5.3265	-0.0038881	0.0015963	0.0063629
9.642	0.039096	-238.31	5.8662	-0.0030876	0.0019597	0.0066983
9.644	0.0408	-238.13	6.4125	-0.0022871	0.002323	0.0070336
9.646	0.042455	-237.77	6.9653	-0.0014866	0.0026864	0.007369
9.648	0.044058	-237.24	7.518	-0.0006861	0.0030498	0.0077043
9.65	0.045621	-236.52	8.073	-0.00024746	0.0032773	0.0075705
9.652	0.047172	-235.61	8.6281	0.00019118	0.0035048	0.0074368
9.654	0.048739	-234.53	9.1787	0.00062982	0.0037323	0.007303
9.656	0.05035	-233.25	9.725	0.0010685	0.0039598	0.0071692
9.658	0.052023	-231.79	10.271	0.0015071	0.0041873	0.0070354
9.66	0.05376	-230.14	10.799	0.0016436	0.0041401	0.0063477
9.662	0.055552	-228.3	11.327	0.00178	0.0040929	0.00566
9.664	0.057377	-226.28	11.841	0.0019165	0.0040457	0.0049723
9.666	0.059212	-224.08	12.342	0.002053	0.0039985	0.0042846
9.668	0.061029	-221.69	12.843	0.0021894	0.0039513	0.0035969
9.67	0.062811	-219.13	13.311	0.0024457	0.0036973	0.002647
9.672	0.064548	-216.4	13.779	0.002702	0.0034432	0.0016972
9.674	0.066238	-213.5	14.229	0.0029583	0.0031892	0.00074736
9.676	0.067887	-210.44	14.661	0.0032145	0.0029351	-0.00020249
9.678	0.069501	-207.22	15.093	0.0034708	0.002681	-0.0011523
9.68	0.071086	-203.85	15.486	0.0040202	0.0024287	-0.0019247
9.682	0.072641	-200.34	15.879	0.0045695	0.0021764	-0.0026972
9.684	0.074155	-196.69	16.253	0.0051189	0.0019241	-0.0034696
9.686	0.075609	-192.91	16.606	0.0056682	0.0016718	-0.004242
9.688	0.07698	-189	16.959	0.0062176	0.0014195	-0.0050144
9.69	0.078246	-184.98	17.272	0.0068221	0.0013273	-0.0053586
9.692	0.079388	-180.85	17.584	0.0074265	0.0012351	-0.0057027
9.694	0.080395	-176.62	17.876	0.008031	0.0011429	-0.0060468
9.696	0.08127	-172.29	18.146	0.0086355	0.0010507	-0.006391
9.698	0.082025	-167.88	18.417	0.0092399	0.00095853	-0.0067351
9.7	0.082681	-163.39	18.646	0.0095895	0.00097643	-0.0066903
9.702	0.083263	-158.84	18.875	0.009939	0.00099434	-0.0066455
9.704	0.083792	-154.22	19.083	0.010288	0.0010122	-0.0066006
9.706	0.084283	-149.55	19.269	0.010638	0.0010302	-0.0065558
9.708	0.084739	-144.83	19.456	0.010987	0.0010481	-0.006511
9.71	0.08515	-140.07	19.602	0.010976	0.00096928	-0.0062578
9.712	0.085499	-135.28	19.748	0.010964	0.00089051	-0.0060047
9.714	0.085758	-130.47	19.874	0.010952	0.00081174	-0.0057516
9.716	0.085899	-125.63	19.982	0.01094	0.00073296	-0.0054984
9.718	0.085898	-120.78	20.089	0.010928	0.00065419	-0.0052453
9.72	0.085737	-115.92	20.161	0.010578	0.00039542	-0.0049211
9.722	0.085407	-111.07	20.233	0.010228	0.00013666	-0.0045969
9.724	0.084907	-106.21	20.29	0.0098775	-0.00012211	-0.0042726
9.726	0.084241	-101.37	20.33	0.0095274	-0.00038087	-0.0039484
9.728	0.083416	-96.538	20.371	0.0091774	-0.00063964	-0.0036242
9.73	0.082435	-91.727	20.384	0.0084798	-0.00084763	-0.0032737
9.732	0.081295	-86.937	20.396	0.0077823	-0.0010556	-0.0029232
9.734	0.079986	-82.175	20.397	0.0070848	-0.0012636	-0.0025727
9.736	0.078491	-77.442	20.384	0.0063873	-0.0014716	-0.0022222
9.738	0.076794	-72.745	20.372	0.0056897	-0.0016796	-0.0018717
9.74	0.07488	-68.083	20.336	0.0046854	-0.0015317	-0.0015286
9.742	0.072743	-63.462	20.301	0.003681	-0.0013837	-0.0011855
9.744	0.070391	-58.884	20.255	0.0026767	-0.0012358	-0.0008424
9.746	0.067847	-54.352	20.198	0.0016723	-0.0010879	-0.00049929
9.748	0.065149	-49.867	20.141	0.00066795	-0.00093994	-0.00015618
9.75	0.062345	-45.434	20.064	-0.00033729	-0.00047928	0.00010666
9.752	0.059484	-41.052	19.987	-0.0013425	-1.8621e-05	0.0003695
9.754	0.056616	-36.726	19.902	-0.0023478	0.00044204	0.00063234
9.756	0.053774	-32.456	19.807	-0.003353	0.00090269	0.00089518
9.758	0.050974	-28.245	19.713	-0.0043583	0.0013634	0.001158
9.76	0.048216	-24.093	19.604	-0.0049054	0.0017521	0.0013009
9.762	0.045478	-20.005	19.495	-0.0054526	0.0021409	0.0014437
9.764	0.042727	-15.979	19.38	-0.0059997	0.0025297	0.0015866
9.766	0.039929	-12.018	19.26	-0.0065469	0.0029185	0.0017294
9.768	0.037053	-8.124	19.14	-0.007094	0.0033072	0.0018723
9.77	0.034084	-4.298	19.013	-0.0070512	0.0033553	0.0019467
9.772	0.03103	-0.54059	18.885	-0.0070084	0.0034033	0.0020212
9.774	0.027918	3.1459	18.756	-0.0069656	0.0034513	0.0020957
9.776	0.024798	6.7613	18.625	-0.0069228	0.0034994	0.0021702
9.778	0.021731	10.304	18.494	-0.00688	0.0035474	0.0022447
9.78	0.01878	13.773	18.362	-0.0066286	0.0033791	0.0023165
9.782	0.015999	17.167	18.23	-0.0063773	0.0032109	0.0023883
9.784	0.013423	20.486	18.099	-0.006126	0.0030426	0.0024602
9.786	0.011061	23.729	17.968	-0.0058746	0.0028744	0.002532
9.788	0.0088948	26.895	17.837	-0.0056233	0.0027061	0.0026038
9.79	0.0068794	29.984	17.708	-0.0055597	0.0026159	0.0026533
9.792	0.0049556	32.996	17.579	-0.005496	0.0025258	0.0027029
9.794	0.0030584	35.93	17.452	-0.0054324	0.0024356	0.0027524
9.796	0.0011303	38.787	17.327	-0.0053688	0.0023454	0.0028019
9.798	-0.0008668	41.567	17.201	-0.0053052	0.0022552	0.0028514
9.8	-0.0029446	44.269	17.08	-0.0053101	0.0023201	0.0027781
9.802	-0.0050857	46.895	16.959	-0.0053149	0.0023849	0.0027048
9.804	-0.0072469	49.444	16.841	-0.0053198	0.0024498	0.0026315
9.806	-0.009367	51.919	16.725	-0.0053247	0.0025146	0.0025581
9.808	-0.011378	54.32	16.61	-0.0053296	0.0025794	0.0024848
9.81	-0.01322	56.648	16.501	-0.0049934	0.002563	0.0022003
9.812	-0.014849	58.904	16.392	-0.0046573	0.0025465	0.0019158
9.814	-0.016248	61.091	16.286	-0.0043211	0.00253	0.0016313
9.816	-0.017426	63.209	16.184	-0.003985	0.0025135	0.0013468
9.818	-0.018419	65.262	16.081	-0.0036489	0.0024971	0.0010622
9.82	-0.019279	67.249	15.985	-0.0029311	0.002149	0.00062105
9.822	-0.020066	69.176	15.889	-0.0022134	0.001801	0.00017987
9.824	-0.020831	71.041	15.794	-0.0014956	0.001453	-0.00026132
9.826	-0.021612	72.85	15.701	-0.00077785	0.001105	-0.0007025
9.828	-0.022422	74.603	15.609	-6.0099e-05	0.00075698	-0.0011437
9.83	-0.023248	76.303	15.516	0.00058259	0.0001613	-0.001503
9.832	-0.024059	77.953	15.424	0.0012253	-0.00043439	-0.0018623
9.834	-0.024809	79.555	15.33	0.001868	-0.0010301	-0.0022216
9.836	-0.025452	81.111	15.234	0.0025106	-0.0016258	-0.0025808
9.838	-0.02595	82.625	15.138	0.0031533	-0.0022215	-0.0029401
9.84	-0.026285	84.097	15.034	0.0033314	-0.0027122	-0.0029845
9.842	-0.026463	85.532	14.931	0.0035095	-0.003203	-0.0030289
9.844	-0.026511	86.929	14.823	0.0036876	-0.0036937	-0.0030733
9.846	-0.02648	88.292	14.709	0.0038657	-0.0041845	-0.0031177
9.848	-0.026426	89.622	14.596	0.0040438	-0.0046753	-0.003162
9.85	-0.026405	90.921	14.471	0.003857	-0.0048575	-0.002915
9.852	-0.026459	92.19	14.346	0.0036702	-0.0050398	-0.0026679
9.854	-0.026608	93.431	14.215	0.0034835	-0.0052221	-0.0024208
9.856	-0.026847	94.643	14.078	0.0032967	-0.0054043	-0.0021737
9.858	-0.027145	95.829	13.941	0.0031099	-0.0055866	-0.0019266
9.86	-0.027457	96.988	13.794	0.0028707	-0.0055898	-0.0016368
9.862	-0.027724	98.12	13.646	0.0026314	-0.005593	-0.0013469
9.864	-0.027897	99.226	13.494	0.0023922	-0.0055962	-0.0010571
9.866	-0.027937	100.3	13.337	0.0021529	-0.0055995	-0.00076729
9.868	-0.027828	101.36	13.181	0.0019137	-0.0056027	-0.00047748
9.87	-0.02758	102.38	13.018	0.001674	-0.0055942	-0.00033397
9.872	-0.027223	103.37	12.856	0.0014344	-0.0055858	-0.00019047
9.874	-0.026803	104.33	12.692	0.0011947	-0.0055774	-4.6969e-05
9.876	-0.026368	105.26	12.526	0.00095508	-0.0055689	9.6533e-05
9.878	-0.025962	106.15	12.36	0.00071544	-0.0055605	0.00024004
9.88	-0.025612	107.01	12.196	0.00031915	-0.0054547	0.00026817
9.882	-0.025323	107.83	12.032	-7.7138e-05	-0.0053489	0.0002963
9.884	-0.02508	108.6	11.87	-0.00047342	-0.0052431	0.00032443
9.886	-0.024852	109.33	11.711	-0.00086971	-0.0051373	0.00035256
9.888	-0.024597	110.02	11.553	-0.001266	-0.0050315	0.00038069
9.89	-0.024278	110.66	11.404	-0.0017815	-0.0046449	0.00042273
9.892	-0.02387	111.25	11.256	-0.002297	-0.0042583	0.00046478
9.894	-0.023369	111.78	11.115	-0.0028125	-0.0038717	0.00050682
9.896	-0.022795	112.26	10.982	-0.0033279	-0.0034851	0.00054887
9.898	-0.022185	112.67	10.849	-0.0038434	-0.0030985	0.00059091
9.9	-0.021593	113.03	10.734	-0.0042	-0.0024854	0.00069964
9.902	-0.021074	113.33	10.619	-0.0045565	-0.0018723	0.00080837
9.904	-0.020671	113.56	10.513	-0.004913	-0.0012592	0.0009171
9.906	-0.020412	113.73	10.417	-0.0052695	-0.00064618	0.0010258
9.908	-0.020294	113.83	10.322	-0.005626	-3.3102e-05	0.0011346
9.91	-0.02029	113.86	10.245	-0.0056762	0.00049831	0.0012605
9.912	-0.02035	113.83	10.168	-0.0057265	0.0010297	0.0013865
9.914	-0.020412	113.72	10.098	-0.0057767	0.0015611	0.0015125
9.916	-0.020414	113.55	10.037	-0.005827	0.0020926	0.0016384
9.918	-0.020305	113.31	9.9764	-0.0058772	0.002624	0.0017644
9.92	-0.020058	113	9.9279	-0.0057963	0.002815	0.0018296
9.922	-0.019674	112.63	9.8794	-0.0057153	0.0030061	0.0018949
9.924	-0.019182	112.19	9.8355	-0.0056344	0.0031972	0.0019601
9.926	-0.018636	111.7	9.7962	-0.0055535	0.0033882	0.0020253
9.928	-0.018098	111.14	9.7568	-0.0054725	0.0035793	0.0020906
9.93	-0.017634	110.52	9.7245	-0.0054996	0.0034668	0.0020629
9.932	-0.017297	109.85	9.6922	-0.0055267	0.0033543	0.0020352
9.934	-0.017117	109.14	9.6631	-0.0055538	0.0032417	0.0020075
9.936	-0.017099	108.37	9.6373	-0.005581	0.0031292	0.0019798
9.938	-0.017221	107.57	9.6114	-0.0056081	0.0030167	0.0019521
9.94	-0.01744	106.72	9.5931	-0.0057376	0.0028948	0.0018879
9.942	-0.017702	105.85	9.5747	-0.0058671	0.002773	0.0018238
9.944	-0.017954	104.95	9.5608	-0.0059966	0.0026511	0.0017596
9.946	-0.01815	104.02	9.5513	-0.0061261	0.0025292	0.0016955
9.948	-0.018261	103.08	9.5419	-0.0062556	0.0024073	0.0016313
9.95	-0.018278	102.12	9.5424	-0.0063136	0.0025547	0.0016418
9.952	-0.01821	101.16	9.5429	-0.0063715	0.0027021	0.0016523
9.954	-0.018079	100.19	9.5482	-0.0064295	0.0028495	0.0016628
9.956	-0.017912	99.231	9.5582	-0.0064874	0.0029969	0.0016733
9.958	-0.017733	98.279	9.5683	-0.0065454	0.0031443	0.0016838
9.96	-0.01756	97.337	9.5858	-0.0065068	0.0035468	0.0018214
9.962	-0.017397	96.416	9.6034	-0.0064683	0.0039492	0.0019591
9.964	-0.017239	95.514	9.623	-0.0064297	0.0043517	0.0020967
9.966	-0.017069	94.64	9.6448	-0.0063912	0.0047542	0.0022344
9.968	-0.016873	93.795	9.6666	-0.0063527	0.0051566	0.002372
9.97	-0.016637	92.985	9.6891	-0.0063743	0.0055094	0.0025613
9.972	-0.016357	92.21	9.7116	-0.0063959	0.0058621	0.0027505
9.974	-0.016043	91.475	9.7333	-0.0064175	0.0062148	0.0029398
9.976	-0.015714	90.781	9.7541	-0.0064391	0.0065676	0.003129
9.978	-0.015397	90.132	9.7749	-0.0064607	0.0069203	0.0033183
9.98	-0.015122	89.526	9.7936	-0.0065436	0.0069249	0.0034201
9.982	-0.014914	88.967	9.8122	-0.0066266	0.0069294	0.0035219
9.984	-0.014789	88.454	9.8305	-0.0067095	0.0069339	0.0036237
9.986	-0.014747	87.987	9.8485	-0.0067924	0.0069385	0.0037255
9.988	-0.014777	87.566	9.8665	-0.0068754	0.006943	0.0038273
9.99	-0.014856	87.189	9.887	-0.0067258	0.0065589	0.0037512
9.992	-0.014958	86.858	9.9074	-0.0065762	0.0061749	0.003675
9.994	-0.015055	86.568	9.9309	-0.0064267	0.0057908	0.0035988
9.996	-0.015127	86.319	9.9573	-0.0062771	0.0054067	0.0035227
9.998	-0.015168	86.107	9.9836	-0.0061275	0.0050226	0.0034465
10	-0.015182	85.932	10.019	-0.0055284	0.0044341	0.003194
10.002	-0.015183	85.788	10.053	-0.0049294	0.0038456	0.0029415
10.004	-0.015193	85.676	10.093	-0.0043303	0.0032571	0.0026889
10.006	-0.01523	85.589	10.137	-0.0037312	0.0026686	0.0024364
10.008	-0.015309	85.527	10.181	-0.0031321	0.0020801	0.0021839
10.01	-0.015431	85.484	10.233	-0.0023021	0.0015196	0.0018278
10.012	-0.015585	85.46	10.285	-0.0014722	0.00095898	0.0014718
10.014	-0.015751	85.447	10.339	-0.00064219	0.00039841	0.0011157
10.016	-0.0159	85.447	10.396	0.00018779	-0.00016215	0.00075964
10.018	-0.016006	85.452	10.453	0.0010178	-0.00072272	0.00040358
10.02	-0.016047	85.464	10.511	0.0016402	-0.0010831	4.6441e-05
10.022	-0.016016	85.476	10.569	0.0022626	-0.0014436	-0.0003107
10.024	-0.015921	85.488	10.625	0.002885	-0.001804	-0.00066784
10.026	-0.015782	85.497	10.681	0.0035074	-0.0021644	-0.001025
10.028	-0.015632	85.502	10.737	0.0041298	-0.0025248	-0.0013821
10.03	-0.015502	85.5	10.788	0.004375	-0.0026102	-0.0016536
10.032	-0.015421	85.492	10.839	0.0046202	-0.0026956	-0.0019252
10.034	-0.015403	85.474	10.888	0.0048654	-0.002781	-0.0021967
10.036	-0.01545	85.448	10.934	0.0051106	-0.0028664	-0.0024682
10.038	-0.015543	85.413	10.981	0.0053557	-0.0029519	-0.0027397
10.04	-0.015651	85.368	11.022	0.0054119	-0.0028134	-0.002887
10.042	-0.015736	85.316	11.063	0.0054681	-0.0026749	-0.0030343
10.044	-0.015765	85.256	11.103	0.0055242	-0.0025364	-0.0031816
10.046	-0.015711	85.19	11.14	0.0055804	-0.0023979	-0.003329
10.048	-0.015566	85.118	11.177	0.0056366	-0.0022594	-0.0034763
10.05	-0.015341	85.044	11.211	0.0057083	-0.0020537	-0.0035192
10.052	-0.01506	84.968	11.244	0.00578	-0.0018481	-0.0035621
10.054	-0.014763	84.894	11.276	0.0058517	-0.0016424	-0.0036049
10.056	-0.01449	84.822	11.305	0.0059235	-0.0014368	-0.0036478
10.058	-0.014276	84.757	11.334	0.0059952	-0.0012311	-0.0036907
10.06	-0.014139	84.699	11.357	0.0060541	-0.0011157	-0.0036776
10.062	-0.014082	84.652	11.381	0.0061129	-0.0010003	-0.0036644
10.064	-0.014087	84.617	11.4	0.0061718	-0.00088486	-0.0036512
10.066	-0.014121	84.598	11.416	0.0062307	-0.00076944	-0.0036381
10.068	-0.014145	84.595	11.431	0.0062896	-0.00065402	-0.0036249
10.07	-0.01412	84.612	11.437	0.0061751	-0.00068281	-0.0035563
10.072	-0.014019	84.65	11.443	0.0060606	-0.00071159	-0.0034877
10.074	-0.013832	84.71	11.443	0.0059461	-0.00074037	-0.003419
10.076	-0.013566	84.794	11.437	0.0058315	-0.00076916	-0.0033504
10.078	-0.013248	84.902	11.431	0.005717	-0.00079794	-0.0032818
10.08	-0.012917	85.035	11.413	0.0053698	-0.000909	-0.0030932
10.082	-0.012615	85.194	11.395	0.0050225	-0.0010201	-0.0029046
10.084	-0.012381	85.377	11.371	0.0046752	-0.0011311	-0.002716
10.086	-0.012241	85.583	11.341	0.0043279	-0.0012422	-0.0025274
10.088	-0.012205	85.813	11.311	0.0039806	-0.0013532	-0.0023388
10.09	-0.012266	86.063	11.269	0.0035389	-0.0014347	-0.002036
10.092	-0.012403	86.333	11.227	0.0030973	-0.0015162	-0.0017332
10.094	-0.012588	86.619	11.18	0.0026556	-0.0015976	-0.0014304
10.096	-0.012789	86.92	11.127	0.0022139	-0.0016791	-0.0011276
10.098	-0.012977	87.229	11.075	0.0017723	-0.0017606	-0.00082484
10.1	-0.013133	87.548	11.012	0.0014788	-0.0017513	-0.00059404
10.102	-0.013245	87.868	10.95	0.0011854	-0.001742	-0.00036325
10.104	-0.013309	88.188	10.883	0.000892	-0.0017327	-0.00013246
10.106	-0.013324	88.502	10.812	0.00059859	-0.0017234	9.8337e-05
10.108	-0.013293	88.808	10.741	0.00030517	-0.001714	0.00032913
10.11	-0.013213	89.097	10.663	0.00031655	-0.0016749	0.00028048
10.112	-0.013081	89.369	10.584	0.00032793	-0.0016358	0.00023183
10.114	-0.012892	89.616	10.502	0.00033931	-0.0015967	0.00018318
10.116	-0.012646	89.836	10.417	0.00035069	-0.0015576	0.00013453
10.118	-0.012346	90.021	10.331	0.00036207	-0.0015185	8.588e-05
10.12	-0.012008	90.171	10.241	0.00060528	-0.001567	-0.00018869
10.122	-0.011656	90.277	10.151	0.0008485	-0.0016156	-0.00046327
10.124	-0.011322	90.34	10.059	0.0010917	-0.0016641	-0.00073784
10.126	-0.011038	90.352	9.9651	0.0013349	-0.0017127	-0.0010124
10.128	-0.010832	90.314	9.8715	0.0015782	-0.0017612	-0.001287
10.13	-0.010716	90.22	9.7762	0.0017888	-0.0018966	-0.001462
10.132	-0.010681	90.069	9.681	0.0019995	-0.0020319	-0.001637
10.134	-0.010694	89.859	9.5858	0.0022102	-0.0021673	-0.0018121
10.136	-0.010707	89.589	9.4905	0.0024209	-0.0023026	-0.0019871
10.138	-0.01066	89.257	9.3953	0.0026316	-0.002438	-0.0021621
10.14	-0.010494	88.863	9.301	0.0025806	-0.0024834	-0.0019752
10.142	-0.01017	88.409	9.2066	0.0025296	-0.0025287	-0.0017882
10.144	-0.0096734	87.893	9.1129	0.0024786	-0.0025741	-0.0016012
10.146	-0.0090233	87.319	9.0197	0.0024276	-0.0026195	-0.0014142
10.148	-0.0082704	86.686	8.9266	0.0023766	-0.0026649	-0.0012273
10.15	-0.0074878	85.999	8.8342	0.0020909	-0.0024446	-0.00079653
10.152	-0.0067548	85.257	8.7418	0.0018051	-0.0022243	-0.0003658
10.154	-0.0061392	84.468	8.6494	0.0015193	-0.0020041	6.4925e-05
10.156	-0.0056818	83.631	8.5569	0.0012336	-0.0017838	0.00049565
10.158	-0.005384	82.753	8.4645	0.00094783	-0.0015635	0.00092638
10.16	-0.0052067	81.834	8.3709	0.00067505	-0.0011291	0.0011932
10.162	-0.0050775	80.884	8.2773	0.00040226	-0.00069459	0.0014601
10.164	-0.0049076	79.902	8.1828	0.00012947	-0.00026012	0.0017269
10.166	-0.0046132	78.897	8.0874	-0.00014331	0.00017436	0.0019938
10.168	-0.0041363	77.868	7.9919	-0.0004161	0.00060883	0.0022606
10.17	-0.003461	76.826	7.8941	-0.00051679	0.00098999	0.0021336
10.172	-0.0026187	75.77	7.7964	-0.00061748	0.0013711	0.0020066
10.174	-0.0016809	74.708	7.6975	-0.00071817	0.0017523	0.0018797
10.176	-0.00074221	73.641	7.5975	-0.00081886	0.0021335	0.0017527
10.178	0.00010531	72.575	7.4975	-0.00091955	0.0025146	0.0016257
10.18	0.00080027	71.512	7.3956	-0.0010095	0.0026396	0.0013529
10.182	0.0013329	70.457	7.2938	-0.0010995	0.0027645	0.0010801
10.184	0.0017554	69.41	7.1913	-0.0011895	0.0028895	0.00080725
10.186	0.0021761	68.376	7.0882	-0.0012795	0.0030144	0.00053443
10.188	0.0027389	67.355	6.9851	-0.0013695	0.0031394	0.00026162
10.19	0.0035898	66.349	6.8813	-0.001702	0.0030723	0.00026085
10.192	0.0048399	65.358	6.7775	-0.0020345	0.0030052	0.00026007
10.194	0.0065302	64.384	6.6736	-0.0023669	0.002938	0.00025929
10.196	0.0086111	63.425	6.5694	-0.0026994	0.0028709	0.00025852
10.198	0.010939	62.481	6.4653	-0.0030319	0.0028038	0.00025774
10.2	0.013298	61.552	6.3611	-0.0034873	0.0027135	0.00057061
10.202	0.015433	60.635	6.2568	-0.0039428	0.0026233	0.00088348
10.204	0.017105	59.729	6.1525	-0.0043982	0.002533	0.0011964
10.206	0.018135	58.83	6.0482	-0.0048537	0.0024427	0.0015092
10.208	0.018453	57.938	5.9438	-0.0053091	0.0023524	0.0018221
10.21	0.018112	57.047	5.8393	-0.0054236	0.0022519	0.0020823
10.212	0.017286	56.156	5.7349	-0.005538	0.0021514	0.0023426
10.214	0.016237	55.26	5.6304	-0.0056524	0.0020509	0.0026028
10.216	0.015267	54.358	5.526	-0.0057669	0.0019504	0.002863
10.218	0.014653	53.442	5.4216	-0.0058813	0.0018499	0.0031233
10.22	0.014589	52.514	5.3174	-0.0054553	0.0016442	0.0030513
10.222	0.015146	51.565	5.2132	-0.0050293	0.0014384	0.0029793
10.224	0.016255	50.596	5.1093	-0.0046033	0.0012326	0.0029073
10.226	0.017718	49.601	5.0057	-0.0041773	0.0010268	0.0028353
10.228	0.019253	48.579	4.9021	-0.0037512	0.00082099	0.0027633
10.23	0.020554	47.526	4.7995	-0.0031513	0.00052704	0.0024727
10.232	0.021353	46.441	4.6969	-0.0025513	0.0002331	0.002182
10.234	0.021479	45.32	4.595	-0.0019513	-6.0846e-05	0.0018914
10.236	0.020896	44.163	4.4937	-0.0013513	-0.00035479	0.0016008
10.238	0.019701	42.969	4.3924	-0.00075136	-0.00064873	0.0013102
10.24	0.0181	41.737	4.2924	-0.00043424	-0.00089414	0.0010882
10.242	0.016363	40.468	4.1924	-0.00011712	-0.0011395	0.00086633
10.244	0.014748	39.16	4.0929	0.0002	-0.001385	0.00064442
10.246	0.013449	37.817	3.994	0.00051712	-0.0016304	0.00042251
10.248	0.012546	36.438	3.895	0.00083424	-0.0018758	0.0002006
10.25	0.011987	35.026	3.7966	0.00083382	-0.0019894	0.00016488
10.252	0.011601	33.583	3.6982	0.00083339	-0.002103	0.00012916
10.254	0.011143	32.113	3.5997	0.00083297	-0.0022166	9.3438e-05
10.256	0.010355	30.616	3.5011	0.00083255	-0.0023302	5.7718e-05
10.258	0.0090276	29.1	3.4025	0.00083213	-0.0024439	2.1998e-05
10.26	0.0070601	27.565	3.303	0.0007658	-0.0024514	6.8855e-05
10.262	0.0044856	26.017	3.2034	0.00069946	-0.002459	0.00011571
10.264	0.0014702	24.459	3.1031	0.00063313	-0.0024666	0.00016257
10.266	-0.0017212	22.898	3.0021	0.0005668	-0.0024741	0.00020943
10.268	-0.0047818	21.333	2.901	0.00050047	-0.0024817	0.00025629
10.27	-0.0074298	19.775	2.7983	0.00051106	-0.002432	0.00024326
10.272	-0.0094699	18.223	2.6956	0.00052165	-0.0023823	0.00023023
10.274	-0.010833	16.685	2.5922	0.00053225	-0.0023326	0.0002172
10.276	-0.011587	15.161	2.4882	0.00054284	-0.0022829	0.00020417
10.278	-0.011912	13.659	2.3842	0.00055343	-0.0022332	0.00019114
10.28	-0.012051	12.178	2.2799	0.00061744	-0.0021627	8.4984e-05
10.282	-0.012249	10.725	2.1755	0.00068144	-0.0020922	-2.1168e-05
10.284	-0.012689	9.2992	2.0718	0.00074544	-0.0020217	-0.00012732
10.286	-0.013449	7.9048	1.9687	0.00080944	-0.0019512	-0.00023347
10.288	-0.014483	6.542	1.8656	0.00087344	-0.0018808	-0.00033963
10.29	-0.015643	5.2126	1.7655	0.00096749	-0.0018422	-0.00047336
10.292	-0.01672	3.9168	1.6655	0.0010615	-0.0018036	-0.0006071
10.294	-0.017507	2.6542	1.5679	0.0011556	-0.001765	-0.00074083
10.296	-0.017862	1.4249	1.4727	0.0012496	-0.0017264	-0.00087457
10.298	-0.017749	0.22639	1.3775	0.0013437	-0.0016878	-0.0010083
10.3	-0.01726	-0.94138	1.2885	0.0014817	-0.0017155	-0.0011171
10.302	-0.01659	-2.083	1.1995	0.0016196	-0.0017432	-0.001226
10.304	-0.015991	-3.1986	1.1136	0.0017576	-0.0017709	-0.0013348
10.306	-0.015704	-4.2945	1.031	0.0018956	-0.0017986	-0.0014437
10.308	-0.015883	-5.371	0.94838	0.0020336	-0.0018263	-0.0015525
10.31	-0.016552	-6.436	0.87103	0.0022013	-0.0018715	-0.0016616
10.312	-0.017579	-7.4896	0.79368	0.002369	-0.0019167	-0.0017707
10.314	-0.018703	-8.5409	0.71772	0.0025367	-0.001962	-0.0018798
10.316	-0.019591	-9.59	0.64315	0.0027044	-0.0020072	-0.0019889
10.318	-0.019928	-10.647	0.56857	0.0028722	-0.0020524	-0.002098
10.32	-0.019504	-11.711	0.4932	0.0030249	-0.0020232	-0.0022343
10.322	-0.018287	-12.793	0.41783	0.0031777	-0.0019941	-0.0023707
10.324	-0.016457	-13.892	0.3401	0.0033305	-0.0019649	-0.002507
10.326	-0.014383	-15.017	0.26003	0.0034833	-0.0019358	-0.0026434
10.328	-0.012552	-16.169	0.17996	0.0036361	-0.0019066	-0.0027798
10.33	-0.011457	-17.356	0.091985	0.0037252	-0.0017809	-0.002871
10.332	-0.011467	-18.577	0.0040082	0.0038143	-0.0016551	-0.0029622
10.334	-0.012709	-19.84	-0.088677	0.0039034	-0.0015293	-0.0030535
10.336	-0.015002	-21.144	-0.18607	0.0039925	-0.0014036	-0.0031447
10.338	-0.017845	-22.494	-0.28346	0.0040816	-0.0012778	-0.0032359
10.34	-0.020487	-23.889	-0.38938	0.0040461	-0.0011287	-0.0031676
10.342	-0.022061	-25.332	-0.4953	0.0040106	-0.00097959	-0.0030993
10.344	-0.021762	-26.823	-0.60377	0.0039751	-0.00083047	-0.003031
10.346	-0.019038	-28.362	-0.7148	0.0039397	-0.00068135	-0.0029627
10.348	-0.013744	-29.948	-0.82583	0.0039042	-0.00053223	-0.0028944
10.35	-0.0062401	-31.58	-0.93664	0.0037152	-0.00043579	-0.0026728
10.352	0.0026145	-33.257	-1.0475	0.0035262	-0.00033935	-0.0024513
10.354	0.011557	-34.973	-1.1552	0.0033372	-0.0002429	-0.0022297
10.356	0.019106	-36.73	-1.2597	0.0031483	-0.00014646	-0.0020081
10.358	0.023805	-38.519	-1.3643	0.0029593	-5.0021e-05	-0.0017866
10.36	0.024476	-40.342	-1.4574	0.0027392	-1.115e-05	-0.0015754
10.362	0.020438	-42.189	-1.5505	0.0025192	2.772e-05	-0.0013642
10.364	0.011654	-44.059	-1.6364	0.0022991	6.659e-05	-0.001153
10.366	-0.0012337	-45.944	-1.7151	0.0020791	0.00010546	-0.00094183
10.368	-0.016983	-47.843	-1.7937	0.001859	0.00014433	-0.00073064
10.37	-0.033929	-49.746	-1.8577	0.0018505	0.00014666	-0.00068547
10.372	-0.050236	-51.652	-1.9217	0.0018421	0.00014899	-0.0006403
10.374	-0.064179	-53.55	-1.9797	0.0018336	0.00015131	-0.00059513
10.376	-0.074395	-55.442	-2.0318	0.0018251	0.00015364	-0.00054995
10.378	-0.080075	-57.315	-2.0838	0.0018166	0.00015597	-0.00050478
10.38	-0.081053	-59.171	-2.1283	0.002079	9.77e-05	-0.00058941
10.382	-0.077788	-61	-2.1728	0.0023414	3.9429e-05	-0.00067404
10.384	-0.071248	-62.802	-2.216	0.0026037	-1.8842e-05	-0.00075867
10.386	-0.062714	-64.57	-2.2578	0.0028661	-7.7113e-05	-0.00084329
10.388	-0.053555	-66.303	-2.2995	0.0031285	-0.00013538	-0.00092792
10.39	-0.045003	-67.995	-2.3421	0.0033504	-0.00026526	-0.00095787
10.392	-0.037982	-69.647	-2.3847	0.0035722	-0.00039513	-0.00098781
10.394	-0.033002	-71.256	-2.4283	0.0037941	-0.000525	-0.0010178
10.396	-0.030144	-72.82	-2.4731	0.004016	-0.00065487	-0.0010477
10.398	-0.029114	-74.339	-2.5179	0.0042379	-0.00078475	-0.0010776
10.4	-0.029365	-75.814	-2.5642	0.0040816	-0.00088765	-0.00097981
10.402	-0.030241	-77.244	-2.6104	0.0039254	-0.00099055	-0.00088197
10.404	-0.031121	-78.631	-2.6563	0.0037691	-0.0010935	-0.00078414
10.406	-0.031535	-79.978	-2.7019	0.0036129	-0.0011964	-0.00068631
10.408	-0.031226	-81.284	-2.7475	0.0034567	-0.0012993	-0.00058847
10.41	-0.030169	-82.557	-2.7903	0.0030487	-0.0012731	-0.00052057
10.412	-0.028528	-83.795	-2.8331	0.0026408	-0.001247	-0.00045266
10.414	-0.026585	-85.006	-2.8742	0.0022329	-0.0012208	-0.00038475
10.416	-0.024659	-86.19	-2.9135	0.001825	-0.0011947	-0.00031684
10.418	-0.023027	-87.355	-2.9528	0.001417	-0.0011685	-0.00024894
10.42	-0.021867	-88.503	-2.99	0.0012211	-0.0011003	-0.00036044
10.422	-0.021234	-89.642	-3.0272	0.0010251	-0.001032	-0.00047195
10.424	-0.021068	-90.772	-3.0651	0.00082917	-0.00096378	-0.00058345
10.426	-0.021232	-91.903	-3.1036	0.00063322	-0.00089553	-0.00069496
10.428	-0.021549	-93.035	-3.1421	0.00043727	-0.00082727	-0.00080646
10.43	-0.021858	-94.177	-3.1863	0.00063188	-0.00089474	-0.00098276
10.432	-0.022043	-95.33	-3.2306	0.00082649	-0.00096221	-0.0011591
10.434	-0.022057	-96.502	-3.2796	0.0010211	-0.0010297	-0.0013354
10.436	-0.021913	-97.693	-3.3334	0.0012157	-0.0010971	-0.0015117
10.438	-0.021672	-98.911	-3.3872	0.0014103	-0.0011646	-0.001688
10.44	-0.02141	-100.15	-3.4525	0.0016778	-0.0013426	-0.0016877
10.442	-0.021193	-101.43	-3.5179	0.0019452	-0.0015206	-0.0016875
10.444	-0.021059	-102.74	-3.5889	0.0022127	-0.0016985	-0.0016873
10.446	-0.021007	-104.08	-3.6654	0.0024802	-0.0018765	-0.001687
10.448	-0.020998	-105.47	-3.742	0.0027476	-0.0020545	-0.0016868
10.45	-0.020978	-106.88	-3.827	0.0027433	-0.0021231	-0.0014772
10.452	-0.020889	-108.34	-3.9121	0.0027389	-0.0021917	-0.0012677
10.454	-0.020693	-109.84	-3.9996	0.0027345	-0.0022604	-0.0010581
10.456	-0.020381	-111.37	-4.0895	0.0027302	-0.002329	-0.00084857
10.458	-0.019972	-112.94	-4.1794	0.0027258	-0.0023976	-0.00063901
10.46	-0.01951	-114.54	-4.2711	0.0025178	-0.0022649	-0.00044641
10.462	-0.01905	-116.18	-4.3628	0.0023097	-0.0021321	-0.00025381
10.464	-0.018636	-117.85	-4.4547	0.0021017	-0.0019994	-6.1204e-05
10.466	-0.018294	-119.55	-4.5468	0.0018936	-0.0018666	0.0001314
10.468	-0.018023	-121.28	-4.6389	0.0016856	-0.0017338	0.000324
10.47	-0.017794	-123.03	-4.7321	0.0016092	-0.0015621	0.00029014
10.472	-0.017565	-124.8	-4.8253	0.0015328	-0.0013904	0.00025627
10.474	-0.017293	-126.58	-4.9203	0.0014564	-0.0012187	0.00022241
10.476	-0.016946	-128.39	-5.017	0.0013801	-0.001047	0.00018855
10.478	-0.016519	-130.2	-5.1136	0.0013037	-0.00087527	0.00015468
10.48	-0.016033	-132.02	-5.2161	0.0014989	-0.00085931	-5.9585e-05
10.482	-0.015532	-133.84	-5.3185	0.0016941	-0.00084335	-0.00027385
10.484	-0.015069	-135.67	-5.4243	0.0018893	-0.00082739	-0.00048812
10.486	-0.014695	-137.5	-5.5332	0.0020846	-0.00081144	-0.00070239
10.488	-0.014436	-139.32	-5.6422	0.0022798	-0.00079548	-0.00091665
10.49	-0.01429	-141.14	-5.7556	0.0025145	-0.00095542	-0.001058
10.492	-0.014222	-142.95	-5.869	0.0027493	-0.0011154	-0.0011993
10.494	-0.01417	-144.75	-5.9818	0.0029841	-0.0012753	-0.0013406
10.496	-0.014059	-146.55	-6.0942	0.0032188	-0.0014352	-0.001482
10.498	-0.013821	-148.33	-6.2065	0.0034536	-0.0015952	-0.0016233
10.5	-0.013409	-150.11	-6.3098	0.003419	-0.0017877	-0.0015017
10.502	-0.012814	-151.87	-6.4131	0.0033845	-0.0019802	-0.0013802
10.504	-0.012061	-153.63	-6.5073	0.0033499	-0.0021727	-0.0012586
10.506	-0.011209	-155.37	-6.5924	0.0033154	-0.0023652	-0.001137
10.508	-0.010336	-157.11	-6.6775	0.0032808	-0.0025577	-0.0010155
10.51	-0.0095178	-158.84	-6.7358	0.0029198	-0.0025803	-0.00071728
10.512	-0.008812	-160.57	-6.7941	0.0025587	-0.002603	-0.00041908
10.514	-0.0082417	-162.29	-6.8356	0.0021977	-0.0026257	-0.00012087
10.516	-0.0077908	-164.01	-6.8604	0.0018366	-0.0026484	0.00017734
10.518	-0.0074071	-165.72	-6.8852	0.0014756	-0.0026711	0.00047554
10.52	-0.0070133	-167.44	-6.8723	0.00092243	-0.0024116	0.00067994
10.522	-0.0065257	-169.16	-6.8593	0.00036928	-0.0021521	0.00088433
10.524	-0.0058731	-170.88	-6.8265	-0.00018387	-0.0018926	0.0010887
10.526	-0.0050122	-172.6	-6.7737	-0.00073702	-0.0016331	0.0012931
10.528	-0.0039361	-174.34	-6.721	-0.0012902	-0.0013736	0.0014975
10.53	-0.0026753	-176.07	-6.6276	-0.0019265	-0.00097034	0.0014537
10.532	-0.001289	-177.81	-6.5342	-0.0025629	-0.00056707	0.0014099
10.534	0.00014996	-179.56	-6.4202	-0.0031993	-0.00016381	0.001366
10.536	0.0015714	-181.31	-6.2857	-0.0038357	0.00023946	0.0013222
10.538	0.0029231	-183.06	-6.1512	-0.004472	0.00064273	0.0012784
10.54	0.0041808	-184.82	-5.9747	-0.0050918	0.00088138	0.0011103
10.542	0.0053505	-186.57	-5.7982	-0.0057115	0.00112	0.00094227
10.544	0.006464	-188.32	-5.6	-0.0063313	0.0013587	0.00077422
10.546	0.0075677	-190.06	-5.3801	-0.006951	0.0015974	0.00060617
10.548	0.0087092	-191.79	-5.1603	-0.0075708	0.001836	0.00043812
10.55	0.0099252	-193.49	-4.8957	-0.0079888	0.0017972	0.00042801
10.552	0.011233	-195.18	-4.6311	-0.0084068	0.0017584	0.0004179
10.554	0.012628	-196.83	-4.344	-0.0088248	0.0017197	0.00040778
10.556	0.014088	-198.45	-4.0341	-0.0092428	0.0016809	0.00039767
10.558	0.015578	-200.02	-3.7243	-0.0096608	0.0016421	0.00038756
10.56	0.017066	-201.54	-3.3702	-0.0097211	0.0015797	0.00072446
10.562	0.01853	-202.99	-3.0161	-0.0097813	0.0015172	0.0010614
10.564	0.019965	-204.38	-2.6413	-0.0098416	0.0014548	0.0013983
10.566	0.021382	-205.68	-2.2458	-0.0099019	0.0013924	0.0017352
10.568	0.022805	-206.9	-1.8503	-0.0099622	0.0013299	0.0020721
10.57	0.024265	-208.02	-1.4182	-0.0096853	0.0015297	0.0026564
10.572	0.025788	-209.04	-0.98607	-0.0094084	0.0017295	0.0032408
10.574	0.027388	-209.93	-0.53881	-0.0091315	0.0019293	0.0038252
10.576	0.029061	-210.69	-0.076405	-0.0088547	0.0021291	0.0044095
10.578	0.03079	-211.32	0.386	-0.0085778	0.0023288	0.0049939
10.58	0.032544	-211.81	0.87123	-0.0080676	0.0027035	0.0054352
10.582	0.034289	-212.13	1.3565	-0.0075574	0.0030782	0.0058766
10.584	0.036	-212.3	1.849	-0.0070472	0.0034529	0.0063179
10.586	0.037665	-212.29	2.3489	-0.006537	0.0038276	0.0067592
10.588	0.039287	-212.1	2.8488	-0.0060268	0.0042023	0.0072006
10.59	0.040889	-211.73	3.3548	-0.0052984	0.0043772	0.0070854
10.592	0.0425	-211.16	3.8607	-0.00457	0.0045522	0.0069703
10.594	0.04415	-210.4	4.3652	-0.0038417	0.0047271	0.0068551
10.596	0.045859	-209.44	4.8682	-0.0031133	0.0049021	0.0067399
10.598	0.047629	-208.26	5.3712	-0.0023849	0.005077	0.0066248
10.6	0.049439	-206.88	5.8624	-0.0014467	0.0048406	0.0058917
10.602	0.051253	-205.29	6.3535	-0.00050843	0.0046041	0.0051587
10.604	0.053023	-203.49	6.8345	0.00042981	0.0043677	0.0044257
10.606	0.054702	-201.47	7.3052	0.001368	0.0041313	0.0036926
10.608	0.056255	-199.25	7.7758	0.0023063	0.0038948	0.0029596
10.61	0.05767	-196.81	8.2185	0.0032233	0.0034226	0.001993
10.612	0.058964	-194.16	8.6612	0.0041404	0.0029504	0.0010265
10.614	0.060176	-191.32	9.087	0.0050574	0.0024782	5.9954e-05
10.616	0.061362	-188.27	9.4958	0.0059745	0.002006	-0.00090659
10.618	0.062586	-185.03	9.9046	0.0068915	0.0015337	-0.0018731
10.62	0.063898	-181.59	10.276	0.0073922	0.0011398	-0.0025893
10.622	0.065328	-177.98	10.647	0.007893	0.00074581	-0.0033055
10.624	0.066877	-174.19	10.998	0.0083937	0.00035185	-0.0040217
10.626	0.068514	-170.24	11.329	0.0088944	-4.2119e-05	-0.0047379
10.628	0.070186	-166.13	11.661	0.0093951	-0.00043608	-0.005454
10.63	0.071825	-161.87	11.952	0.0092848	-0.00065388	-0.0057477
10.632	0.073365	-157.46	12.243	0.0091745	-0.00087168	-0.0060414
10.634	0.074753	-152.93	12.514	0.0090643	-0.0010895	-0.0063351
10.636	0.075962	-148.27	12.765	0.008954	-0.0013073	-0.0066287
10.638	0.076994	-143.51	13.016	0.0088437	-0.0015251	-0.0069224
10.64	0.077874	-138.64	13.225	0.0083011	-0.0016827	-0.0069337
10.642	0.078644	-133.69	13.435	0.0077585	-0.0018403	-0.0069451
10.644	0.079351	-128.65	13.623	0.0072158	-0.0019979	-0.0069564
10.646	0.080031	-123.54	13.79	0.0066732	-0.0021555	-0.0069677
10.648	0.080703	-118.37	13.957	0.0061305	-0.0023132	-0.006979
10.65	0.081362	-113.16	14.079	0.0054721	-0.002428	-0.0068152
10.652	0.081981	-107.89	14.201	0.0048137	-0.0025429	-0.0066514
10.654	0.082516	-102.6	14.3	0.0041552	-0.0026577	-0.0064876
10.656	0.082921	-97.283	14.375	0.0034968	-0.0027726	-0.0063237
10.658	0.083155	-91.953	14.451	0.0028384	-0.0028874	-0.0061599
10.66	0.083193	-86.613	14.479	0.0022553	-0.0027456	-0.0057117
10.662	0.083033	-81.277	14.508	0.0016721	-0.0026038	-0.0052636
10.664	0.082696	-75.945	14.514	0.001089	-0.002462	-0.0048154
10.666	0.082213	-70.632	14.497	0.00050587	-0.0023202	-0.0043672
10.668	0.081625	-65.337	14.481	-7.7264e-05	-0.0021785	-0.003919
10.67	0.080964	-60.071	14.425	-0.00050184	-0.0016258	-0.0030865
10.672	0.080249	-54.835	14.369	-0.00092642	-0.0010731	-0.002254
10.674	0.079476	-49.638	14.297	-0.001351	-0.00052035	-0.0014215
10.676	0.078622	-44.481	14.209	-0.0017756	3.2356e-05	-0.00058903
10.678	0.077648	-39.372	14.121	-0.0022001	0.00058506	0.00024346
10.68	0.076506	-34.31	14.01	-0.0024018	0.001334	0.0012435
10.682	0.075157	-29.302	13.898	-0.0026035	0.0020829	0.0022435
10.684	0.073572	-24.349	13.779	-0.0028052	0.0028319	0.0032436
10.686	0.071744	-19.455	13.653	-0.0030069	0.0035808	0.0042436
10.688	0.069689	-14.62	13.526	-0.0032086	0.0043298	0.0052437
10.69	0.067439	-9.8475	13.39	-0.0032336	0.0048563	0.0059398
10.692	0.065038	-5.1386	13.253	-0.0032586	0.0053828	0.0066359
10.694	0.062531	-0.49547	13.113	-0.0032836	0.0059092	0.007332
10.696	0.059957	4.0818	12.97	-0.0033086	0.0064357	0.0080282
10.698	0.05734	8.5913	12.827	-0.0033336	0.0069622	0.0087243
10.7	0.054689	13.033	12.678	-0.0034107	0.0070854	0.0088039
10.702	0.052002	17.406	12.528	-0.0034877	0.0072086	0.0088835
10.704	0.049269	21.709	12.375	-0.0035648	0.0073318	0.0089632
10.706	0.046484	25.943	12.217	-0.0036418	0.007455	0.0090428
10.708	0.043647	30.107	12.06	-0.0037188	0.0075782	0.0091224
10.71	0.04077	34.201	11.895	-0.004035	0.0074561	0.0087092
10.712	0.037877	38.225	11.729	-0.0043511	0.007334	0.008296
10.714	0.035	42.178	11.56	-0.0046672	0.0072119	0.0078828
10.716	0.032171	46.061	11.387	-0.0049833	0.0070898	0.0074696
10.718	0.029414	49.874	11.213	-0.0052994	0.0069677	0.0070564
10.72	0.026739	53.617	11.035	-0.0056885	0.0067676	0.0065061
10.722	0.024141	57.291	10.856	-0.0060775	0.0065674	0.0059557
10.724	0.021597	60.895	10.677	-0.0064665	0.0063673	0.0054054
10.726	0.019078	64.429	10.498	-0.0068556	0.0061672	0.0048551
10.728	0.016555	67.895	10.319	-0.0072446	0.005967	0.0043047
10.73	0.014007	71.293	10.144	-0.0072459	0.0056444	0.0038089
10.732	0.011435	74.622	9.9688	-0.0072471	0.0053218	0.0033131
10.734	0.0088591	77.884	9.798	-0.0072484	0.0049993	0.0028173
10.736	0.0063217	81.078	9.6313	-0.0072496	0.0046767	0.0023215
10.738	0.0038766	84.207	9.4647	-0.0072509	0.0043541	0.0018257
10.74	0.0015786	87.27	9.3087	-0.006593	0.003842	0.0013617
10.742	-0.00052961	90.268	9.1526	-0.0059351	0.00333	0.00089776
10.744	-0.0024286	93.202	9.0019	-0.0052772	0.0028179	0.00043378
10.746	-0.0041283	96.073	8.8563	-0.0046193	0.0023059	-3.0194e-05
10.748	-0.005667	98.881	8.7108	-0.0039614	0.0017938	-0.00049417
10.75	-0.0071043	101.63	8.5736	-0.00296	0.0012444	-0.00089196
10.752	-0.0085074	104.31	8.4364	-0.0019587	0.00069488	-0.0012897
10.754	-0.0099353	106.94	8.3019	-0.0009573	0.00014541	-0.0016875
10.756	-0.011424	109.51	8.1701	4.4076e-05	-0.00040406	-0.0020853
10.758	-0.012977	112.02	8.0383	0.0010455	-0.00095353	-0.0024831
10.76	-0.014561	114.48	7.909	0.0017067	-0.0012771	-0.002642
10.762	-0.016113	116.88	7.7797	0.0023679	-0.0016006	-0.0028009
10.764	-0.017552	119.23	7.6509	0.0030292	-0.0019242	-0.0029599
10.766	-0.0188	121.52	7.5225	0.0036904	-0.0022477	-0.0031188
10.768	-0.019795	123.77	7.3942	0.0043517	-0.0025713	-0.0032777
10.77	-0.020513	125.96	7.2667	0.0042933	-0.0025999	-0.0031243
10.772	-0.02097	128.1	7.1393	0.004235	-0.0026284	-0.0029708
10.774	-0.021226	130.2	7.0128	0.0041767	-0.002657	-0.0028174
10.776	-0.021369	132.24	6.8873	0.0041183	-0.0026856	-0.0026639
10.778	-0.021504	134.24	6.7618	0.00406	-0.0027142	-0.0025105
10.78	-0.021724	136.2	6.6395	0.0035749	-0.0026479	-0.0022122
10.782	-0.022099	138.1	6.5172	0.0030898	-0.0025817	-0.0019139
10.784	-0.022655	139.96	6.3969	0.0026048	-0.0025155	-0.0016156
10.786	-0.023373	141.78	6.2785	0.0021197	-0.0024492	-0.0013173
10.788	-0.024192	143.55	6.1601	0.0016346	-0.002383	-0.001019
10.79	-0.025022	145.27	6.0447	0.0013353	-0.0024436	-0.00081556
10.792	-0.025764	146.95	5.9293	0.001036	-0.0025043	-0.0006121
10.794	-0.026333	148.58	5.8143	0.00073674	-0.0025649	-0.00040864
10.796	-0.026672	150.17	5.6997	0.00043746	-0.0026255	-0.00020518
10.798	-0.026766	151.71	5.5851	0.00013818	-0.0026862	-1.7254e-06
10.8	-0.02664	153.21	5.4679	0.00028715	-0.0028725	1.1261e-05
10.802	-0.026358	154.66	5.3507	0.00043612	-0.0030588	2.4248e-05
10.804	-0.025999	156.06	5.2304	0.00058509	-0.0032451	3.7234e-05
10.806	-0.025648	157.41	5.1071	0.00073406	-0.0034314	5.0221e-05
10.808	-0.025369	158.71	4.9838	0.00088304	-0.0036177	6.3207e-05
10.81	-0.025197	159.96	4.8518	0.0011244	-0.0037398	-3.9944e-05
10.812	-0.025131	161.16	4.7198	0.0013657	-0.0038619	-0.00014309
10.814	-0.025137	162.31	4.5829	0.001607	-0.003984	-0.00024625
10.816	-0.025158	163.4	4.4412	0.0018483	-0.0041061	-0.0003494
10.818	-0.02513	164.45	4.2996	0.0020896	-0.0042281	-0.00045255
10.82	-0.024999	165.43	4.1492	0.0018792	-0.0041168	-0.00052402
10.822	-0.024733	166.37	3.9989	0.0016688	-0.0040055	-0.00059549
10.824	-0.024333	167.25	3.8458	0.0014584	-0.0038942	-0.00066697
10.826	-0.023827	168.07	3.6898	0.0012479	-0.0037829	-0.00073844
10.828	-0.02327	168.84	3.5338	0.0010375	-0.0036716	-0.00080991
10.83	-0.022723	169.55	3.3763	0.00032966	-0.0033118	-0.00073779
10.832	-0.022245	170.21	3.2189	-0.00037821	-0.002952	-0.00066566
10.834	-0.021875	170.8	3.0631	-0.0010861	-0.0025922	-0.00059353
10.836	-0.021622	171.35	2.909	-0.0017939	-0.0022325	-0.00052141
10.838	-0.02147	171.84	2.7549	-0.0025018	-0.0018727	-0.00044928
10.84	-0.021375	172.27	2.6087	-0.0031061	-0.0014033	-0.00026669
10.842	-0.021281	172.65	2.4626	-0.0037104	-0.00093397	-8.4098e-05
10.844	-0.021131	172.98	2.3223	-0.0043147	-0.0004646	9.8492e-05
10.846	-0.020882	173.25	2.188	-0.0049189	4.7684e-06	0.00028108
10.848	-0.020513	173.48	2.0537	-0.0055232	0.00047414	0.00046367
10.85	-0.020032	173.65	1.9339	-0.0054222	0.00083156	0.00057108
10.852	-0.019469	173.78	1.8142	-0.0053211	0.001189	0.00067848
10.854	-0.01887	173.86	1.7026	-0.0052201	0.0015464	0.00078589
10.856	-0.018285	173.89	1.5992	-0.005119	0.0019038	0.00089329
10.858	-0.017757	173.88	1.4958	-0.005018	0.0022612	0.0010007
10.86	-0.017311	173.83	1.4096	-0.0043439	0.0023458	0.00090267
10.862	-0.016948	173.74	1.3234	-0.0036698	0.0024304	0.00080465
10.864	-0.016651	173.62	1.2459	-0.0029957	0.0025149	0.00070662
10.866	-0.016385	173.45	1.1772	-0.0023216	0.0025995	0.00060859
10.868	-0.016115	173.25	1.1085	-0.0016475	0.0026841	0.00051056
10.87	-0.01581	173.02	1.0573	-0.0011816	0.0025564	0.00034674
10.872	-0.015455	172.76	1.006	-0.0007157	0.0024287	0.00018292
10.874	-0.015054	172.47	0.96345	-0.0002498	0.002301	1.9106e-05
10.876	-0.014632	172.15	0.92952	0.0002161	0.0021734	-0.00014471
10.878	-0.014226	171.81	0.8956	0.000682	0.0020457	-0.00030853
10.88	-0.013875	171.44	0.87867	0.00036148	0.0019702	-0.00025474
10.882	-0.013611	171.05	0.86175	4.0954e-05	0.0018947	-0.00020094
10.884	-0.013449	170.63	0.85305	-0.00027957	0.0018192	-0.00014715
10.886	-0.013385	170.2	0.85259	-0.00060009	0.0017437	-9.3355e-05
10.888	-0.013392	169.74	0.85212	-0.00092061	0.0016682	-3.9561e-05
10.89	-0.01343	169.27	0.86713	-0.0017931	0.0018485	0.00028799
10.892	-0.013453	168.78	0.88214	-0.0026655	0.0020289	0.00061553
10.894	-0.013425	168.28	0.90406	-0.003538	0.0022093	0.00094308
10.896	-0.013322	167.75	0.93289	-0.0044104	0.0023896	0.0012706
10.898	-0.013145	167.22	0.96171	-0.0052829	0.00257	0.0015982
10.9	-0.012915	166.67	1.0019	-0.0059626	0.0028999	0.0019046
10.902	-0.012673	166.1	1.0421	-0.0066423	0.0032298	0.0022109
10.904	-0.012464	165.52	1.0865	-0.0073221	0.0035597	0.0025173
10.906	-0.012328	164.93	1.1349	-0.0080018	0.0038896	0.0028237
10.908	-0.012291	164.33	1.1833	-0.0086815	0.0042195	0.0031301
10.91	-0.012354	163.71	1.2362	-0.0086747	0.0043613	0.0030927
10.912	-0.012493	163.09	1.2891	-0.0086679	0.0045032	0.0030553
10.914	-0.012665	162.46	1.3423	-0.008661	0.0046451	0.0030179
10.916	-0.012815	161.81	1.3958	-0.0086542	0.0047869	0.0029805
10.918	-0.012891	161.17	1.4493	-0.0086474	0.0049288	0.002943
10.92	-0.012855	160.51	1.5001	-0.0080803	0.0046655	0.00259
10.922	-0.012693	159.85	1.5509	-0.0075131	0.0044021	0.0022369
10.924	-0.012421	159.19	1.599	-0.006946	0.0041387	0.0018838
10.926	-0.012078	158.52	1.6445	-0.0063788	0.0038754	0.0015307
10.928	-0.011724	157.86	1.6901	-0.0058117	0.003612	0.0011776
10.93	-0.011422	157.2	1.7292	-0.0051566	0.0030732	0.00084031
10.932	-0.011227	156.54	1.7684	-0.0045016	0.0025344	0.00050304
10.934	-0.011174	155.88	1.8046	-0.0038465	0.0019956	0.00016577
10.936	-0.01127	155.24	1.8378	-0.0031915	0.0014568	-0.0001715
10.938	-0.01149	154.61	1.871	-0.0025364	0.00091803	-0.00050877
10.94	-0.011787	153.99	1.9001	-0.0021161	0.00043148	-0.00059589
10.942	-0.012101	153.38	1.9292	-0.0016959	-5.5074e-05	-0.000683
10.944	-0.01237	152.8	1.9577	-0.0012756	-0.00054163	-0.00077012
10.946	-0.012546	152.23	1.9855	-0.00085528	-0.0010282	-0.00085724
10.948	-0.012604	151.69	2.0133	-0.00043499	-0.0015147	-0.00094435
10.95	-0.012543	151.18	2.0432	-0.0002394	-0.0017337	-0.00086192
10.952	-0.012388	150.7	2.0731	-4.38e-05	-0.0019526	-0.0007795
10.954	-0.012183	150.25	2.1055	0.0001518	-0.0021715	-0.00069707
10.956	-0.011975	149.83	2.1406	0.00034739	-0.0023904	-0.00061464
10.958	-0.011805	149.46	2.1756	0.00054299	-0.0026093	-0.00053221
10.96	-0.011701	149.12	2.218	0.00063442	-0.0025653	-0.00047029
10.962	-0.011665	148.82	2.2604	0.00072584	-0.0025214	-0.00040838
10.964	-0.011682	148.56	2.3069	0.00081727	-0.0024774	-0.00034646
10.966	-0.011718	148.35	2.3576	0.00090869	-0.0024334	-0.00028455
10.968	-0.011732	148.19	2.4082	0.0010001	-0.0023894	-0.00022264
10.97	-0.011691	148.07	2.4664	0.0010085	-0.0021952	-0.00022347
10.972	-0.011574	148	2.5246	0.0010169	-0.002001	-0.0002243
10.974	-0.011384	147.98	2.5854	0.0010252	-0.0018067	-0.00022513
10.976	-0.011142	148	2.6489	0.0010336	-0.0016125	-0.00022596
10.978	-0.010892	148.07	2.7124	0.001042	-0.0014183	-0.00022679
10.98	-0.010683	148.18	2.7776	0.00098777	-0.0012046	-0.0002337
10.982	-0.010561	148.34	2.8429	0.00093354	-0.00099095	-0.00024061
10.984	-0.010561	148.54	2.907	0.00087931	-0.00077728	-0.00024752
10.986	-0.010693	148.78	2.9699	0.00082508	-0.00056362	-0.00025443
10.988	-0.01094	149.06	3.0327	0.00077085	-0.00034995	-0.00026134
10.99	-0.011264	149.37	3.0889	0.00079938	-0.00025099	-0.00029078
10.992	-0.011608	149.72	3.1451	0.0008279	-0.00015204	-0.00032022
10.994	-0.011912	150.09	3.1961	0.00085643	-5.308e-05	-0.00034966
10.996	-0.012122	150.49	3.2419	0.00088495	4.5877e-05	-0.0003791
10.998	-0.012201	150.9	3.2877	0.00091348	0.00014483	-0.00040854
11	-0.01214	151.34	3.3205	0.0011438	6.4773e-05	-0.00051858
11.002	-0.011955	151.78	3.3532	0.0013742	-1.5288e-05	-0.00062862
11.004	-0.011688	152.24	3.3788	0.0016046	-9.5349e-05	-0.00073866
11.006	-0.011395	152.69	3.3971	0.0018349	-0.00017541	-0.0008487
11.008	-0.011137	153.15	3.4155	0.0020653	-0.00025547	-0.00095874
11.01	-0.010968	153.6	3.4194	0.0024249	-0.00041433	-0.0011069
11.012	-0.010924	154.05	3.4233	0.0027846	-0.00057319	-0.001255
11.014	-0.011019	154.47	3.4205	0.0031442	-0.00073205	-0.0014031
11.016	-0.011241	154.88	3.411	0.0035038	-0.00089091	-0.0015512
11.018	-0.011555	155.27	3.4015	0.0038634	-0.0010498	-0.0016993
11.02	-0.011911	155.63	3.3802	0.0042138	-0.0010825	-0.0017764
11.022	-0.012253	155.97	3.3589	0.0045642	-0.0011152	-0.0018535
11.024	-0.012529	156.27	3.3327	0.0049146	-0.0011479	-0.0019307
11.026	-0.0127	156.54	3.3015	0.005265	-0.0011806	-0.0020078
11.028	-0.012743	156.77	3.2704	0.0056153	-0.0012133	-0.0020849
11.03	-0.012656	156.97	3.2312	0.0059012	-0.0010187	-0.0020664
11.032	-0.01246	157.12	3.192	0.006187	-0.00082398	-0.0020479
11.034	-0.012189	157.24	3.1496	0.0064728	-0.00062929	-0.0020294
11.036	-0.011887	157.31	3.1039	0.0067586	-0.00043461	-0.0020109
11.038	-0.011605	157.35	3.0582	0.0070444	-0.00023993	-0.0019924
11.04	-0.011386	157.34	3.0071	0.0071763	4.2118e-05	-0.0019354
11.042	-0.011267	157.29	2.956	0.0073082	0.00032417	-0.0018784
11.044	-0.011268	157.2	2.9027	0.00744	0.00060621	-0.0018214
11.046	-0.011396	157.08	2.8471	0.0075719	0.00088826	-0.0017644
11.048	-0.011637	156.92	2.7914	0.0077038	0.0011703	-0.0017074
11.05	-0.011964	156.72	2.7318	0.0074905	0.0012666	-0.0016264
11.052	-0.012336	156.49	2.6721	0.0072772	0.0013629	-0.0015454
11.054	-0.012708	156.24	2.6105	0.0070639	0.0014592	-0.0014644
11.056	-0.013034	155.95	2.5471	0.0068507	0.0015555	-0.0013834
11.058	-0.013275	155.64	2.4836	0.0066374	0.0016518	-0.0013024
11.06	-0.013407	155.32	2.4165	0.0060635	0.0014198	-0.0011635
11.062	-0.013422	154.97	2.3493	0.0054897	0.0011878	-0.0010245
11.064	-0.013336	154.61	2.2803	0.0049158	0.0009558	-0.00088564
11.066	-0.013179	154.23	2.2094	0.004342	0.00072379	-0.00074674
11.068	-0.013	153.84	2.1386	0.0037681	0.00049179	-0.00060784
11.07	-0.01285	153.45	2.064	0.0031909	6.1687e-05	-0.00043397
11.072	-0.012778	153.05	1.9894	0.0026136	-0.00036842	-0.00026011
11.074	-0.012818	152.65	1.9131	0.0020363	-0.00079852	-8.6246e-05
11.076	-0.012986	152.25	1.8352	0.0014591	-0.0012286	8.7619e-05
11.078	-0.013268	151.84	1.7572	0.00088184	-0.0016587	0.00026148
11.08	-0.013628	151.44	1.6768	0.00068587	-0.0020019	0.00037085
11.082	-0.014012	151.04	1.5964	0.0004899	-0.0023451	0.00048021
11.084	-0.014357	150.64	1.5155	0.00029392	-0.0026882	0.00058958
11.086	-0.014606	150.24	1.4341	9.7946e-05	-0.0030314	0.00069895
11.088	-0.014717	149.84	1.3528	-9.8028e-05	-0.0033746	0.00080831
11.09	-0.014677	149.45	1.2725	3.1534e-05	-0.0034426	0.00077988
11.092	-0.014505	149.05	1.1923	0.0001611	-0.0035105	0.00075145
11.094	-0.014247	148.65	1.1135	0.00029066	-0.0035785	0.00072302
11.096	-0.013969	148.25	1.0364	0.00042022	-0.0036465	0.00069459
11.098	-0.013744	147.83	0.95921	0.00054978	-0.0037145	0.00066615
11.1	-0.013635	147.42	0.88642	0.00061782	-0.0035759	0.00054824
11.102	-0.013681	146.98	0.81364	0.00068585	-0.0034373	0.00043032
11.104	-0.013889	146.54	0.74299	0.00075388	-0.0032988	0.0003124
11.106	-0.014227	146.07	0.67449	0.00082192	-0.0031602	0.00019448
11.108	-0.014636	145.59	0.60598	0.00088995	-0.0030217	7.6567e-05
11.11	-0.015036	145.07	0.53994	0.00070689	-0.0029135	9.7421e-06
11.112	-0.015347	144.53	0.47391	0.00052384	-0.0028054	-5.7083e-05
11.114	-0.015506	143.96	0.40747	0.00034078	-0.0026973	-0.00012391
11.116	-0.015482	143.35	0.34064	0.00015772	-0.0025892	-0.00019073
11.118	-0.01528	142.71	0.2738	-2.5337e-05	-0.0024811	-0.00025756
11.12	-0.014944	142.02	0.20234	-0.00024984	-0.0025341	-0.00019862
11.122	-0.014547	141.29	0.13088	-0.00047435	-0.0025872	-0.00013968
11.124	-0.014171	140.51	0.055546	-0.00069886	-0.0026402	-8.0736e-05
11.126	-0.013893	139.68	-0.023647	-0.00092336	-0.0026933	-2.1796e-05
11.128	-0.013764	138.8	-0.10284	-0.0011479	-0.0027463	3.7145e-05
11.13	-0.013801	137.86	-0.19085	-0.0011352	-0.0028367	0.00011191
11.132	-0.01398	136.88	-0.27887	-0.0011225	-0.0029271	0.00018668
11.134	-0.014245	135.83	-0.37047	-0.0011099	-0.0030174	0.00026145
11.136	-0.014521	134.73	-0.46566	-0.0010972	-0.0031078	0.00033622
11.138	-0.014732	133.58	-0.56085	-0.0010845	-0.0031981	0.00041099
11.14	-0.014821	132.37	-0.659	-0.00084231	-0.0031242	0.00031968
11.142	-0.014765	131.1	-0.75715	-0.00060007	-0.0030502	0.00022838
11.144	-0.014578	129.79	-0.85398	-0.00035783	-0.0029763	0.00013707
11.146	-0.014307	128.42	-0.94949	-0.0001156	-0.0029023	4.5768e-05
11.148	-0.014022	127	-1.045	0.00012664	-0.0028284	-4.5537e-05
11.15	-0.013794	125.54	-1.1327	0.00034294	-0.0025742	-0.00031158
11.152	-0.013677	124.03	-1.2203	0.00055923	-0.00232	-0.00057763
11.154	-0.013693	122.48	-1.3026	0.00077553	-0.0020657	-0.00084368
11.156	-0.013821	120.9	-1.3794	0.00099182	-0.0018115	-0.0011097
11.158	-0.014005	119.28	-1.4562	0.0012081	-0.0015573	-0.0013758
11.16	-0.014163	117.63	-1.5227	0.0011936	-0.0012883	-0.0016002
11.162	-0.014211	115.96	-1.5891	0.001179	-0.0010192	-0.0018246
11.164	-0.014079	114.27	-1.6523	0.0011645	-0.00075023	-0.0020489
11.166	-0.013737	112.56	-1.7122	0.00115	-0.00048121	-0.0022733
11.168	-0.013199	110.84	-1.7721	0.0011354	-0.00021219	-0.0024977
11.17	-0.012527	109.1	-1.8314	0.00092116	-5.4151e-05	-0.0024667
11.172	-0.011811	107.37	-1.8907	0.00070689	0.00010389	-0.0024356
11.174	-0.011155	105.63	-1.9528	0.00049262	0.00026193	-0.0024045
11.176	-0.010643	103.9	-2.0176	0.00027835	0.00041997	-0.0023734
11.178	-0.010325	102.17	-2.0825	6.4077e-05	0.00057801	-0.0023424
11.18	-0.010193	100.45	-2.157	-0.00015328	0.00064112	-0.0020731
11.182	-0.010187	98.737	-2.2316	-0.00037064	0.00070423	-0.0018039
11.184	-0.010206	97.041	-2.3113	-0.00058799	0.00076734	-0.0015346
11.186	-0.010129	95.361	-2.3964	-0.00080535	0.00083045	-0.0012654
11.188	-0.0098435	93.697	-2.4814	-0.0010227	0.00089356	-0.00099611
11.19	-0.0092775	92.052	-2.5743	-0.0010632	0.00090269	-0.00072255
11.192	-0.0084144	90.426	-2.6671	-0.0011036	0.00091181	-0.00044899
11.194	-0.0073008	88.819	-2.7614	-0.0011441	0.00092094	-0.00017543
11.196	-0.0060348	87.231	-2.8572	-0.0011845	0.00093006	9.8133e-05
11.198	-0.0047409	85.661	-2.9529	-0.001225	0.00093919	0.00037169
11.2	-0.0035383	84.109	-3.0462	-0.0010539	0.00084683	0.00041568
11.202	-0.002508	82.572	-3.1395	-0.0008829	0.00075447	0.00045966
11.204	-0.0016677	81.052	-3.2296	-0.00071186	0.00066211	0.00050365
11.206	-0.00096232	79.543	-3.3167	-0.00054082	0.00056975	0.00054763
11.208	-0.00027403	78.045	-3.4038	-0.00036977	0.0004774	0.00059162
11.21	0.00055123	76.555	-3.4837	-0.00011575	0.00021509	0.0003955
11.212	0.0016645	75.072	-3.5636	0.00013828	-4.7209e-05	0.00019939
11.214	0.0031717	73.59	-3.6408	0.00039231	-0.00030951	3.2708e-06
11.216	0.005099	72.11	-3.7151	0.00064634	-0.00057181	-0.00019285
11.218	0.0073747	70.625	-3.7895	0.00090037	-0.00083412	-0.00038896
11.22	0.0098326	69.137	-3.8615	0.0010645	-0.0012009	-0.00059362
11.222	0.01224	67.638	-3.9335	0.0012286	-0.0015677	-0.00079827
11.224	0.014341	66.129	-4.0057	0.0013928	-0.0019345	-0.0010029
11.226	0.015914	64.606	-4.0783	0.0015569	-0.0023013	-0.0012076
11.228	0.016817	63.067	-4.1508	0.001721	-0.0026681	-0.0014122
11.23	0.017028	61.508	-4.2251	0.0017808	-0.0029302	-0.0014127
11.232	0.016652	59.93	-4.2995	0.0018407	-0.0031922	-0.0014131
11.234	0.015911	58.328	-4.3743	0.0019005	-0.0034543	-0.0014135
11.236	0.015093	56.703	-4.4496	0.0019603	-0.0037163	-0.0014139
11.238	0.014501	55.052	-4.5249	0.0020202	-0.0039784	-0.0014143
11.24	0.014384	53.375	-4.5987	0.0021668	-0.0039841	-0.00129
11.242	0.01489	51.672	-4.6726	0.0023134	-0.0039898	-0.0011657
11.244	0.016025	49.941	-4.7446	0.00246	-0.0039955	-0.0010414
11.246	0.017658	48.183	-4.8147	0.0026066	-0.0040012	-0.00091712
11.248	0.019544	46.399	-4.8848	0.0027532	-0.0040069	-0.00079283
11.25	0.02138	44.589	-4.9504	0.0031097	-0.0038278	-0.00081596
11.252	0.022861	42.753	-5.016	0.0034662	-0.0036487	-0.0008391
11.254	0.023753	40.895	-5.0802	0.0038227	-0.0034696	-0.00086223
11.256	0.023932	39.013	-5.1431	0.0041792	-0.0032906	-0.00088537
11.258	0.02341	37.112	-5.206	0.0045356	-0.0031115	-0.0009085
11.26	0.022324	35.191	-5.2702	0.0048663	-0.0029133	-0.0011405
11.262	0.020897	33.255	-5.3344	0.0051969	-0.0027152	-0.0013725
11.264	0.019382	31.304	-5.4017	0.0055275	-0.0025171	-0.0016045
11.266	0.018006	29.341	-5.4722	0.0058581	-0.002319	-0.0018365
11.268	0.016907	27.368	-5.5426	0.0061887	-0.0021209	-0.0020685
11.27	0.016114	25.388	-5.6231	0.0060666	-0.0018997	-0.0021909
11.272	0.015537	23.402	-5.7035	0.0059446	-0.0016786	-0.0023133
11.274	0.015001	21.414	-5.7894	0.0058226	-0.0014575	-0.0024358
11.276	0.014286	19.424	-5.8808	0.0057005	-0.0012364	-0.0025582
11.278	0.01319	17.437	-5.9721	0.0055785	-0.0010152	-0.0026807
11.28	0.011585	15.451	-6.0715	0.0049089	-0.00061735	-0.0023571
11.282	0.0094475	13.472	-6.171	0.0042393	-0.00021946	-0.0020334
11.284	0.0068727	11.498	-6.2716	0.0035697	0.00017842	-0.0017098
11.286	0.0040535	9.5323	-6.3734	0.0029001	0.00057631	-0.0013862
11.288	0.0012404	7.5749	-6.4751	0.0022304	0.0009742	-0.0010626
11.29	-0.0013155	5.6275	-6.5723	0.0014558	0.0015196	-0.00042127
11.292	-0.0034172	3.69	-6.6695	0.00068111	0.002065	0.00022002
11.294	-0.0049619	1.7632	-6.7614	-9.3555e-05	0.0026104	0.00086131
11.296	-0.0059586	-0.15302	-6.848	-0.00086822	0.0031558	0.0015026
11.298	-0.0065174	-2.0587	-6.9346	-0.0016429	0.0037012	0.0021439
11.3	-0.0068156	-3.954	-7.0075	-0.0019747	0.0040475	0.0025607
11.302	-0.0070479	-5.8398	-7.0803	-0.0023065	0.0043938	0.0029774
11.304	-0.0073753	-7.7162	-7.1465	-0.0026383	0.00474	0.0033942
11.306	-0.0078853	-9.5848	-7.2059	-0.0029702	0.0050863	0.003811
11.308	-0.0085745	-11.446	-7.2653	-0.003302	0.0054325	0.0042277
11.31	-0.0093564	-13.301	-7.3144	-0.0031046	0.0052928	0.0040593
11.312	-0.010093	-15.151	-7.3634	-0.0029072	0.0051531	0.0038909
11.314	-0.01064	-16.997	-7.4094	-0.0027099	0.0050135	0.0037225
11.316	-0.010895	-18.84	-7.4524	-0.0025125	0.0048738	0.0035541
11.318	-0.010834	-20.682	-7.4954	-0.0023151	0.0047341	0.0033857
11.32	-0.01052	-22.524	-7.5363	-0.0020062	0.0042996	0.0028491
11.322	-0.010091	-24.366	-7.5771	-0.0016972	0.0038652	0.0023125
11.324	-0.0097201	-26.21	-7.6181	-0.0013883	0.0034308	0.0017758
11.326	-0.0095637	-28.056	-7.6591	-0.0010794	0.0029963	0.0012392
11.328	-0.0097083	-29.906	-7.7002	-0.00077042	0.0025619	0.00070263
11.33	-0.010135	-31.759	-7.7421	-0.00077388	0.0023128	0.0002956
11.332	-0.010713	-33.616	-7.784	-0.00077735	0.0020637	-0.00011143
11.334	-0.011221	-35.476	-7.8261	-0.00078081	0.0018146	-0.00051846
11.336	-0.011409	-37.341	-7.8686	-0.00078428	0.0015655	-0.00092549
11.338	-0.011062	-39.209	-7.911	-0.00078774	0.0013164	-0.0013325
11.34	-0.010079	-41.08	-7.9539	-0.0010751	0.0014231	-0.0013754
11.342	-0.0085155	-42.953	-7.9968	-0.0013625	0.0015298	-0.0014183
11.344	-0.006601	-44.827	-8.0403	-0.0016499	0.0016364	-0.0014613
11.346	-0.0047013	-46.701	-8.0844	-0.0019373	0.0017431	-0.0015042
11.348	-0.003243	-48.574	-8.1285	-0.0022247	0.0018497	-0.0015471
11.35	-0.0026065	-50.444	-8.1755	-0.002401	0.0019898	-0.0013699
11.352	-0.0030142	-52.31	-8.2225	-0.0025772	0.0021299	-0.0011927
11.354	-0.0044398	-54.17	-8.2718	-0.0027534	0.0022699	-0.0010155
11.356	-0.0065649	-56.022	-8.3233	-0.0029297	0.00241	-0.00083826
11.358	-0.0088003	-57.864	-8.3748	-0.0031059	0.0025501	-0.00066106
11.36	-0.010375	-59.695	-8.4309	-0.002902	0.0023642	-0.00049743
11.362	-0.010482	-61.512	-8.487	-0.002698	0.0021784	-0.0003338
11.364	-0.0084533	-63.315	-8.5442	-0.0024941	0.0019925	-0.00017018
11.366	-0.0039349	-65.101	-8.6025	-0.0022901	0.0018066	-6.554e-06
11.368	0.0029846	-66.869	-8.6608	-0.0020862	0.0016208	0.00015707
11.37	0.011717	-68.618	-8.7162	-0.0016409	0.0011501	0.00019818
11.372	0.021212	-70.346	-8.7717	-0.0011956	0.00067948	0.00023928
11.374	0.030087	-72.053	-8.8225	-0.00075037	0.00020883	0.00028039
11.376	0.036837	-73.737	-8.8688	-0.00030509	-0.00026182	0.00032149
11.378	0.040082	-75.399	-8.9151	0.00014018	-0.00073247	0.0003626
11.38	0.038814	-77.038	-8.9466	0.00049182	-0.0011318	0.00027672
11.382	0.032596	-78.655	-8.9781	0.00084345	-0.0015311	0.00019084
11.384	0.021666	-80.25	-9.001	0.0011951	-0.0019304	0.00010496
11.386	0.0069335	-81.823	-9.0153	0.0015467	-0.0023297	1.9085e-05
11.388	-0.010137	-83.376	-9.0295	0.0018984	-0.002729	-6.6793e-05
11.39	-0.027743	-84.91	-9.0284	0.0019646	-0.002767	-0.00022379
11.392	-0.044019	-86.426	-9.0272	0.0020308	-0.002805	-0.0003808
11.394	-0.057314	-87.928	-9.0214	0.0020971	-0.002843	-0.0005378
11.396	-0.066436	-89.416	-9.0109	0.0021633	-0.002881	-0.0006948
11.398	-0.070815	-90.894	-9.0004	0.0022295	-0.002919	-0.0008518
11.4	-0.070549	-92.363	-8.9892	0.0020567	-0.0026198	-0.00094864
11.402	-0.06635	-93.827	-8.9779	0.0018838	-0.0023206	-0.0010455
11.404	-0.059377	-95.287	-8.9704	0.001711	-0.0020213	-0.0011423
11.406	-0.05102	-96.75	-8.9666	0.0015381	-0.0017221	-0.0012392
11.408	-0.042651	-98.214	-8.9627	0.0013652	-0.0014229	-0.001336
11.41	-0.035411	-99.686	-8.9713	0.0011452	-0.0010908	-0.0012501
11.412	-0.030048	-101.17	-8.9799	0.00092527	-0.00075879	-0.0011643
11.414	-0.026854	-102.66	-8.9949	0.00070529	-0.00042672	-0.0010784
11.416	-0.02568	-104.17	-9.0161	0.00048531	-9.4664e-05	-0.0009925
11.418	-0.026037	-105.69	-9.0374	0.00026533	0.0002374	-0.00090663
11.42	-0.027249	-107.24	-9.067	0.00020035	0.00027273	-0.00069914
11.422	-0.028615	-108.81	-9.0965	0.00013536	0.00030806	-0.00049165
11.424	-0.029562	-110.4	-9.1266	7.0381e-05	0.00034339	-0.00028416
11.426	-0.029742	-112.02	-9.1573	5.3976e-06	0.00037873	-7.6675e-05
11.428	-0.029076	-113.66	-9.188	-5.9586e-05	0.00041406	0.00013081
11.43	-0.027724	-115.34	-9.213	8.2281e-05	9.5531e-05	0.00023912
11.432	-0.026018	-117.04	-9.2379	0.00022415	-0.000223	0.00034742
11.434	-0.024353	-118.77	-9.258	0.00036602	-0.00054153	0.00045573
11.436	-0.023083	-120.53	-9.2732	0.00050788	-0.00086006	0.00056403
11.438	-0.02244	-122.32	-9.2884	0.00064975	-0.0011786	0.00067233
11.44	-0.022485	-124.13	-9.2945	0.00082619	-0.0015586	0.00057988
11.442	-0.02311	-125.97	-9.3005	0.0010026	-0.0019386	0.00048743
11.444	-0.024079	-127.83	-9.3043	0.0011791	-0.0023187	0.00039498
11.446	-0.025095	-129.71	-9.3059	0.0013555	-0.0026987	0.00030252
11.448	-0.025876	-131.62	-9.3075	0.0015319	-0.0030787	0.00021007
11.45	-0.026225	-133.54	-9.3118	0.0015033	-0.0031278	7.4117e-05
11.452	-0.026066	-135.47	-9.3161	0.0014747	-0.003177	-6.1839e-05
11.454	-0.025453	-137.41	-9.325	0.0014461	-0.0032261	-0.00019779
11.456	-0.024546	-139.36	-9.3387	0.0014175	-0.0032752	-0.00033375
11.458	-0.023563	-141.31	-9.3523	0.0013889	-0.0033244	-0.00046971
11.46	-0.022715	-143.26	-9.3793	0.0011077	-0.0028996	-0.00046209
11.462	-0.022159	-145.2	-9.4064	0.00082645	-0.0024748	-0.00045448
11.464	-0.021959	-147.14	-9.4401	0.00054523	-0.00205	-0.00044686
11.466	-0.022077	-149.07	-9.4806	0.00026401	-0.0016252	-0.00043925
11.468	-0.022386	-150.98	-9.5211	-1.7202e-05	-0.0012004	-0.00043164
11.47	-0.022716	-152.87	-9.5719	-0.00033464	-0.00053845	-0.00032953
11.472	-0.022891	-154.75	-9.6226	-0.00065208	0.00012349	-0.00022741
11.474	-0.022786	-156.59	-9.6761	-0.00096952	0.00078544	-0.0001253
11.476	-0.022352	-158.42	-9.7323	-0.001287	0.0014474	-2.3192e-05
11.478	-0.02163	-160.21	-9.7885	-0.0016044	0.0021093	7.8919e-05
11.48	-0.020736	-161.97	-9.8463	-0.0016789	0.002559	6.7262e-05
11.482	-0.019836	-163.7	-9.9041	-0.0017535	0.0030088	5.5605e-05
11.484	-0.019097	-165.4	-9.9622	-0.001828	0.0034585	4.3949e-05
11.486	-0.018648	-167.07	-10.02	-0.0019025	0.0039082	3.2292e-05
11.488	-0.018549	-168.7	-10.079	-0.001977	0.0043579	2.0635e-05
11.49	-0.018775	-170.3	-10.139	-0.001752	0.0042566	-0.00015205
11.492	-0.019224	-171.87	-10.2	-0.001527	0.0041552	-0.00032473
11.494	-0.019744	-173.41	-10.264	-0.001302	0.0040538	-0.00049741
11.496	-0.020164	-174.92	-10.332	-0.0010769	0.0039525	-0.00067009
11.498	-0.020342	-176.4	-10.399	-0.00085192	0.0038511	-0.00084278
11.5	-0.020191	-177.87	-10.477	-0.00057851	0.0032439	-0.00092618
11.502	-0.019699	-179.31	-10.555	-0.00030509	0.0026367	-0.0010096
11.504	-0.018931	-180.74	-10.64	-3.1682e-05	0.0020295	-0.001093
11.506	-0.01801	-182.15	-10.73	0.00024173	0.0014223	-0.0011764
11.508	-0.017084	-183.56	-10.821	0.00051514	0.00081507	-0.0012598
11.51	-0.016294	-184.96	-10.922	0.00053063	0.0001284	-0.0009984
11.512	-0.015744	-186.36	-11.022	0.00054611	-0.00055827	-0.00073699
11.514	-0.015472	-187.76	-11.124	0.00056159	-0.0012449	-0.00047558
11.516	-0.01545	-189.17	-11.227	0.00057707	-0.0019316	-0.00021417
11.518	-0.015593	-190.6	-11.33	0.00059255	-0.0026183	4.724e-05
11.52	-0.015778	-192.04	-11.425	0.00034523	-0.0029206	0.00050217
11.522	-0.015875	-193.5	-11.519	9.7904e-05	-0.0032229	0.00095711
11.524	-0.015774	-194.98	-11.603	-0.00014942	-0.0035252	0.001412
11.526	-0.015411	-196.49	-11.677	-0.00039674	-0.0038275	0.001867
11.528	-0.014772	-198.03	-11.751	-0.00064407	-0.0041298	0.0023219
11.53	-0.013898	-199.61	-11.791	-0.00085037	-0.0039312	0.0024808
11.532	-0.012865	-201.22	-11.832	-0.0010567	-0.0037325	0.0026396
11.534	-0.011767	-202.87	-11.852	-0.001263	-0.0035339	0.0027985
11.536	-0.01069	-204.55	-11.85	-0.0014693	-0.0033353	0.0029573
11.538	-0.0096966	-206.27	-11.848	-0.0016756	-0.0031366	0.0031162
11.54	-0.0088148	-208.03	-11.798	-0.0016493	-0.0027069	0.0027372
11.542	-0.0080342	-209.82	-11.747	-0.001623	-0.0022771	0.0023583
11.544	-0.007316	-211.65	-11.671	-0.0015967	-0.0018474	0.0019794
11.546	-0.0066068	-213.52	-11.569	-0.0015705	-0.0014176	0.0016004
11.548	-0.0058545	-215.41	-11.468	-0.0015442	-0.00098786	0.0012215
11.55	-0.0050212	-217.33	-11.314	-0.0015069	-0.00066711	0.0006608
11.552	-0.0040917	-219.27	-11.16	-0.0014696	-0.00034635	0.00010014
11.554	-0.0030735	-221.22	-10.981	-0.0014323	-2.5602e-05	-0.00046053
11.556	-0.001991	-223.19	-10.776	-0.001395	0.00029515	-0.0010212
11.558	-0.00087495	-225.15	-10.571	-0.0013578	0.0006159	-0.0015819
11.56	0.0002492	-227.12	-10.316	-0.0016442	0.00073618	-0.0017629
11.562	0.0013701	-229.07	-10.061	-0.0019307	0.00085645	-0.001944
11.564	0.0024942	-231.01	-9.7819	-0.0022172	0.00097672	-0.0021251
11.566	0.0036434	-232.92	-9.4789	-0.0025036	0.001097	-0.0023062
11.568	0.0048478	-234.79	-9.1759	-0.0027901	0.0012173	-0.0024873
11.57	0.0061347	-236.62	-8.8273	-0.0033348	0.0013166	-0.0021296
11.572	0.0075187	-238.39	-8.4787	-0.0038795	0.0014159	-0.0017719
11.574	0.0089939	-240.09	-8.1094	-0.0044243	0.0015152	-0.0014143
11.576	0.010533	-241.73	-7.7192	-0.004969	0.0016145	-0.0010566
11.578	0.012092	-243.27	-7.3291	-0.0055137	0.0017139	-0.0006989
11.58	0.013619	-244.72	-6.9032	-0.0058919	0.0020044	-0.00011266
11.582	0.015068	-246.06	-6.4774	-0.00627	0.002295	0.00047357
11.584	0.016412	-247.29	-6.0374	-0.0066482	0.0025856	0.0010598
11.586	0.017647	-248.39	-5.5833	-0.0070263	0.0028761	0.001646
11.588	0.0188	-249.36	-5.1291	-0.0074045	0.0031667	0.0022323
11.59	0.019922	-250.18	-4.6554	-0.0073548	0.0036482	0.0026566
11.592	0.021075	-250.85	-4.1817	-0.0073052	0.0041297	0.003081
11.594	0.022321	-251.36	-3.7026	-0.0072555	0.0046113	0.0035054
11.596	0.023709	-251.7	-3.2182	-0.0072058	0.0050928	0.0039297
11.598	0.025262	-251.85	-2.7337	-0.0071561	0.0055743	0.0043541
11.6	0.026971	-251.83	-2.2468	-0.0067873	0.0059689	0.0044279
11.602	0.028802	-251.61	-1.7598	-0.0064184	0.0063634	0.0045017
11.604	0.030701	-251.2	-1.2751	-0.0060495	0.006758	0.0045756
11.606	0.032607	-250.59	-0.79252	-0.0056806	0.0071526	0.0046494
11.608	0.034468	-249.76	-0.30998	-0.0053117	0.0075471	0.0047233
11.61	0.036252	-248.73	0.16251	-0.0048078	0.0074657	0.0044812
11.612	0.037954	-247.49	0.635	-0.0043038	0.0073842	0.0042391
11.614	0.039595	-246.03	1.1002	-0.0037999	0.0073027	0.003997
11.616	0.041216	-244.35	1.558	-0.0032959	0.0072213	0.0037549
11.618	0.042867	-242.46	2.0158	-0.002792	0.0071398	0.0035128
11.62	0.044591	-240.35	2.4546	-0.0022376	0.0064215	0.003159
11.622	0.046419	-238.02	2.8935	-0.0016832	0.0057032	0.0028051
11.624	0.048354	-235.48	3.3207	-0.0011288	0.004985	0.0024513
11.626	0.050374	-232.72	3.7362	-0.00057441	0.0042667	0.0020974
11.628	0.052439	-229.76	4.1518	-2.0022e-05	0.0035484	0.0017436
11.63	0.054497	-226.58	4.5392	0.00044119	0.0025003	0.0015399
11.632	0.056499	-223.21	4.9267	0.00090241	0.0014523	0.0013361
11.634	0.058406	-219.64	5.2977	0.0013636	0.00040418	0.0011324
11.636	0.060205	-215.87	5.6523	0.0018248	-0.00064389	0.00092873
11.638	0.061903	-211.92	6.0068	0.0022861	-0.001692	0.00072502
11.64	0.063529	-207.78	6.324	0.0024445	-0.0024858	0.00077786
11.642	0.065122	-203.48	6.6412	0.0026029	-0.0032795	0.00083071
11.644	0.066721	-199	6.938	0.0027613	-0.0040733	0.00088355
11.646	0.068355	-194.37	7.2144	0.0029197	-0.0048671	0.00093639
11.648	0.070033	-189.59	7.4908	0.0030781	-0.0056609	0.00098923
11.65	0.071739	-184.67	7.7246	0.0029361	-0.0058422	0.0011289
11.652	0.073441	-179.61	7.9584	0.0027941	-0.0060236	0.0012685
11.654	0.07509	-174.43	8.1708	0.002652	-0.0062049	0.0014082
11.656	0.076637	-169.13	8.3619	0.00251	-0.0063862	0.0015478
11.658	0.07804	-163.72	8.553	0.002368	-0.0065675	0.0016875
11.66	0.079275	-158.22	8.703	0.0022004	-0.0062699	0.0016326
11.662	0.080338	-152.62	8.853	0.0020328	-0.0059724	0.0015777
11.664	0.081245	-146.95	8.9838	0.0018653	-0.0056748	0.0015228
11.666	0.082027	-141.21	9.0954	0.0016977	-0.0053772	0.0014679
11.668	0.082719	-135.4	9.2069	0.0015301	-0.0050796	0.001413
11.67	0.08335	-129.55	9.2832	0.0015428	-0.0046917	0.0010761
11.672	0.083935	-123.65	9.3595	0.0015555	-0.0043038	0.00073916
11.674	0.084473	-117.72	9.4198	0.0015682	-0.0039159	0.00040224
11.676	0.084941	-111.76	9.4642	0.0015809	-0.003528	6.5317e-05
11.678	0.085305	-105.79	9.5085	0.0015935	-0.0031401	-0.00027161
11.68	0.085527	-99.809	9.5239	0.001668	-0.0028938	-0.00065403
11.682	0.085571	-93.83	9.5393	0.0017425	-0.0026475	-0.0010365
11.684	0.085414	-87.854	9.5416	0.0018169	-0.0024013	-0.0014189
11.686	0.085052	-81.897	9.5308	0.0018914	-0.002155	-0.0018013
11.688	0.084497	-75.958	9.52	0.0019658	-0.0019087	-0.0021837
11.69	0.083774	-70.052	9.4856	0.0018476	-0.0017209	-0.0022381
11.692	0.082914	-64.179	9.4512	0.0017293	-0.001533	-0.0022924
11.694	0.081947	-58.35	9.4063	0.0016111	-0.0013452	-0.0023467
11.696	0.080892	-52.566	9.3508	0.0014928	-0.0011573	-0.002401
11.698	0.079754	-46.837	9.2954	0.0013746	-0.0009695	-0.0024554
11.7	0.078525	-41.164	9.2217	0.0010114	-0.00062563	-0.0020311
11.702	0.077186	-35.556	9.148	0.00064833	-0.00028176	-0.0016069
11.704	0.075714	-30.013	9.0666	0.00028521	6.2102e-05	-0.0011826
11.706	0.074092	-24.543	8.9774	-7.7909e-05	0.00040597	-0.00075834
11.708	0.072312	-19.145	8.8882	-0.00044103	0.00074984	-0.00033409
11.71	0.070384	-13.826	8.7859	-0.00086131	0.0012883	0.00030022
11.712	0.068331	-8.5859	8.6837	-0.0012816	0.0018267	0.00093453
11.714	0.066183	-3.4293	8.576	-0.0017019	0.0023652	0.0015688
11.716	0.063977	1.6437	8.4629	-0.0021222	0.0029036	0.0022032
11.718	0.061737	6.6299	8.3497	-0.0025425	0.003442	0.0028375
11.72	0.059477	11.529	8.2269	-0.0028328	0.003932	0.0032011
11.722	0.057189	16.34	8.1041	-0.0031232	0.004422	0.0035648
11.724	0.054851	21.062	7.9768	-0.0034136	0.0049119	0.0039285
11.726	0.052426	25.695	7.845	-0.003704	0.0054019	0.0042921
11.728	0.049876	30.239	7.7132	-0.0039943	0.0058919	0.0046558
11.73	0.047172	34.694	7.5727	-0.0040987	0.0060303	0.0044863
11.732	0.044305	39.06	7.4321	-0.0042031	0.0061688	0.0043167
11.734	0.04129	43.338	7.2874	-0.0043074	0.0063072	0.0041472
11.736	0.038171	47.529	7.1385	-0.0044118	0.0064457	0.0039776
11.738	0.035013	51.635	6.9895	-0.0045162	0.0065842	0.0038081
11.74	0.031891	55.656	6.8332	-0.004395	0.0063041	0.0032635
11.742	0.028884	59.594	6.6769	-0.0042739	0.0060241	0.0027189
11.744	0.026053	63.45	6.5179	-0.0041527	0.0057441	0.0021743
11.746	0.023434	67.227	6.3563	-0.0040315	0.0054641	0.0016297
11.748	0.021032	70.924	6.1947	-0.0039104	0.0051841	0.0010851
11.75	0.01882	74.546	6.0312	-0.0034788	0.0047008	0.00053814
11.752	0.016748	78.092	5.8678	-0.0030472	0.0042175	-8.8071e-06
11.754	0.014752	81.566	5.7057	-0.0026156	0.0037342	-0.00055575
11.756	0.012765	84.968	5.5449	-0.002184	0.0032509	-0.0011027
11.758	0.010739	88.301	5.3842	-0.0017524	0.0027676	-0.0016496
11.76	0.0086451	91.565	5.2312	-0.0010489	0.0023699	-0.0019451
11.762	0.0064832	94.764	5.0781	-0.00034532	0.0019722	-0.0022406
11.764	0.0042796	97.898	4.9314	0.00035824	0.0015745	-0.0025361
11.766	0.0020808	100.97	4.791	0.0010618	0.0011768	-0.0028315
11.768	-5.7559e-05	103.98	4.6505	0.0017654	0.00077911	-0.003127
11.77	-0.002082	106.93	4.5263	0.0024493	0.00060958	-0.0031562
11.772	-0.0039518	109.82	4.4021	0.0031333	0.00044006	-0.0031853
11.774	-0.0056452	112.65	4.287	0.0038172	0.00027054	-0.0032145
11.776	-0.0071619	115.43	4.1811	0.0045011	0.00010102	-0.0032437
11.778	-0.0085203	118.15	4.0751	0.0051851	-6.8506e-05	-0.0032729
11.78	-0.0097514	120.81	3.9872	0.0054789	-5.6e-05	-0.0031542
11.782	-0.01089	123.42	3.8993	0.0057728	-4.3494e-05	-0.0030356
11.784	-0.011965	125.98	3.8193	0.0060666	-3.0988e-05	-0.002917
11.786	-0.012997	128.48	3.7473	0.0063605	-1.8482e-05	-0.0027984
11.788	-0.013991	130.93	3.6753	0.0066543	-5.9764e-06	-0.0026797
11.79	-0.014939	133.33	3.6154	0.0064338	6.1301e-05	-0.002539
11.792	-0.015825	135.67	3.5556	0.0062134	0.00012858	-0.0023983
11.794	-0.01663	137.96	3.4994	0.0059929	0.00019586	-0.0022575
11.796	-0.017338	140.21	3.4469	0.0057725	0.00026313	-0.0021168
11.798	-0.017943	142.39	3.3945	0.005552	0.00033041	-0.0019761
11.8	-0.018452	144.53	3.3444	0.0050718	0.00033522	-0.0018963
11.802	-0.018883	146.62	3.2944	0.0045915	0.00034003	-0.0018166
11.804	-0.019262	148.65	3.2434	0.0041113	0.00034484	-0.0017368
11.806	-0.01962	150.63	3.1912	0.003631	0.00034964	-0.0016571
11.808	-0.019983	152.56	3.1391	0.0031508	0.00035445	-0.0015774
11.81	-0.020372	154.44	3.0812	0.0028315	0.00020763	-0.0015688
11.812	-0.020792	156.26	3.0233	0.0025121	6.0817e-05	-0.0015602
11.814	-0.021238	158.04	2.9613	0.0021928	-8.6001e-05	-0.0015516
11.816	-0.021693	159.76	2.895	0.0018734	-0.00023282	-0.001543
11.818	-0.022129	161.43	2.8288	0.001554	-0.00037964	-0.0015345
11.82	-0.022519	163.05	2.7528	0.0015906	-0.00069298	-0.0015152
11.822	-0.022836	164.61	2.6769	0.0016272	-0.0010063	-0.0014959
11.824	-0.023058	166.13	2.5959	0.0016638	-0.0013197	-0.0014767
11.826	-0.023176	167.59	2.5099	0.0017004	-0.001633	-0.0014574
11.828	-0.02319	169.01	2.4238	0.001737	-0.0019463	-0.0014382
11.83	-0.023109	170.37	2.3282	0.0019106	-0.0022898	-0.0013074
11.832	-0.022951	171.68	2.2326	0.0020843	-0.0026332	-0.0011766
11.834	-0.022739	172.95	2.1326	0.002258	-0.0029767	-0.0010458
11.836	-0.022496	174.16	2.0284	0.0024317	-0.0033201	-0.00091494
11.838	-0.022245	175.32	1.9242	0.0026053	-0.0036636	-0.00078414
11.84	-0.022003	176.44	1.8126	0.0025416	-0.0037934	-0.00056518
11.842	-0.021782	177.5	1.7011	0.0024778	-0.0039233	-0.00034623
11.844	-0.021586	178.52	1.5865	0.0024141	-0.0040532	-0.00012727
11.846	-0.021413	179.49	1.4689	0.0023503	-0.0041831	9.1686e-05
11.848	-0.021257	180.42	1.3514	0.0022865	-0.0043129	0.00031064
11.85	-0.021106	181.29	1.229	0.001903	-0.0040929	0.00044297
11.852	-0.020946	182.12	1.1066	0.0015195	-0.0038728	0.00057529
11.854	-0.020767	182.9	0.9823	0.0011359	-0.0036528	0.00070762
11.856	-0.020559	183.64	0.85621	0.0007524	-0.0034328	0.00083995
11.858	-0.020321	184.32	0.73012	0.00036887	-0.0032127	0.00097227
11.86	-0.020057	184.97	0.60159	-1.9787e-05	-0.0028091	0.00088289
11.862	-0.01978	185.56	0.47305	-0.00040845	-0.0024056	0.00079351
11.864	-0.019511	186.11	0.34408	-0.0007971	-0.002002	0.00070413
11.866	-0.019271	186.61	0.21469	-0.0011858	-0.0015984	0.00061475
11.868	-0.019084	187.06	0.085304	-0.0015744	-0.0011948	0.00052537
11.87	-0.018968	187.47	-0.042743	-0.0016386	-0.00097741	0.00032063
11.872	-0.01893	187.83	-0.17079	-0.0017028	-0.00076001	0.00011588
11.874	-0.018967	188.14	-0.29671	-0.0017669	-0.0005426	-8.8858e-05
11.876	-0.019059	188.4	-0.4205	-0.0018311	-0.0003252	-0.0002936
11.878	-0.019177	188.62	-0.54429	-0.0018953	-0.00010779	-0.00049834
11.88	-0.01928	188.78	-0.66031	-0.0016968	-0.00024472	-0.00055516
11.882	-0.019329	188.9	-0.77633	-0.0014984	-0.00038165	-0.00061198
11.884	-0.019287	188.97	-0.88659	-0.0012999	-0.00051858	-0.0006688
11.886	-0.019132	188.98	-0.99108	-0.0011014	-0.0006555	-0.00072562
11.888	-0.01886	188.95	-1.0956	-0.00090298	-0.00079243	-0.00078244
11.89	-0.018486	188.87	-1.1851	-0.00081857	-0.00098883	-0.0005851
11.892	-0.018041	188.74	-1.2746	-0.00073416	-0.0011852	-0.00038775
11.894	-0.017574	188.56	-1.3554	-0.00064975	-0.0013816	-0.00019041
11.896	-0.017134	188.33	-1.4274	-0.00056534	-0.001578	6.9403e-06
11.898	-0.016771	188.06	-1.4995	-0.00048093	-0.0017744	0.00020429
11.9	-0.016518	187.73	-1.5528	-0.00073389	-0.0015878	0.00045135
11.902	-0.016393	187.36	-1.6062	-0.00098684	-0.0014011	0.0006984
11.904	-0.016392	186.94	-1.6505	-0.0012398	-0.0012145	0.00094546
11.906	-0.016489	186.48	-1.6856	-0.0014927	-0.0010278	0.0011925
11.908	-0.016647	185.97	-1.7207	-0.0017457	-0.00084118	0.0014396
11.91	-0.016821	185.42	-1.7394	-0.0021267	-0.00028035	0.0014404
11.912	-0.016967	184.83	-1.7581	-0.0025077	0.00028048	0.0014413
11.914	-0.017054	184.2	-1.77	-0.0028886	0.00084131	0.0014421
11.916	-0.017063	183.54	-1.775	-0.0032696	0.0014021	0.0014429
11.918	-0.016994	182.84	-1.78	-0.0036506	0.001963	0.0014438
11.92	-0.016862	182.11	-1.7745	-0.0037582	0.0023476	0.0011564
11.922	-0.016691	181.35	-1.7691	-0.0038658	0.0027323	0.00086902
11.924	-0.016509	180.57	-1.76	-0.0039734	0.003117	0.00058163
11.926	-0.016338	179.77	-1.7472	-0.004081	0.0035017	0.00029424
11.928	-0.016193	178.94	-1.7344	-0.0041887	0.0038863	6.855e-06
11.93	-0.016078	178.1	-1.7169	-0.0038813	0.0036298	-0.00029706
11.932	-0.015984	177.25	-1.6995	-0.003574	0.0033732	-0.00060098
11.934	-0.015896	176.39	-1.6808	-0.0032667	0.0031167	-0.00090489
11.936	-0.015796	175.53	-1.6608	-0.0029593	0.0028601	-0.0012088
11.938	-0.015669	174.66	-1.6409	-0.002652	0.0026036	-0.0015127
11.94	-0.015508	173.8	-1.6199	-0.0021879	0.0019028	-0.0015551
11.942	-0.015317	172.95	-1.599	-0.0017238	0.001202	-0.0015976
11.944	-0.01511	172.1	-1.5779	-0.0012598	0.00050122	-0.00164
11.946	-0.014905	171.27	-1.5568	-0.00079569	-0.00019956	-0.0016824
11.948	-0.014724	170.46	-1.5357	-0.00033161	-0.00090034	-0.0017248
11.95	-0.014587	169.67	-1.5146	-7.7273e-05	-0.0014002	-0.0015274
11.952	-0.014505	168.91	-1.4934	0.00017706	-0.0019001	-0.0013299
11.954	-0.014481	168.18	-1.4717	0.0004314	-0.0023999	-0.0011325
11.956	-0.014505	167.47	-1.4495	0.00068574	-0.0028998	-0.00093501
11.958	-0.014564	166.8	-1.4274	0.00094007	-0.0033997	-0.00073755
11.96	-0.014638	166.17	-1.4022	0.00088194	-0.003322	-0.00056022
11.962	-0.014712	165.58	-1.377	0.00082381	-0.0032444	-0.00038289
11.964	-0.014774	165.03	-1.3488	0.00076568	-0.0031668	-0.00020556
11.966	-0.014817	164.53	-1.3176	0.00070755	-0.0030892	-2.8234e-05
11.968	-0.014846	164.07	-1.2864	0.00064942	-0.0030116	0.0001491
11.97	-0.014867	163.65	-1.2458	0.00051679	-0.0025856	0.00013072
11.972	-0.014889	163.29	-1.2051	0.00038416	-0.0021596	0.00011233
11.974	-0.014919	162.97	-1.1583	0.00025154	-0.0017336	9.3954e-05
11.976	-0.014959	162.7	-1.1052	0.00011891	-0.0013076	7.5573e-05
11.978	-0.015005	162.48	-1.0521	-1.3716e-05	-0.00088162	5.7192e-05
11.98	-0.015049	162.31	-0.98508	9.0064e-05	-0.00058962	-6.9307e-05
11.982	-0.015079	162.19	-0.91808	0.00019384	-0.00029763	-0.00019581
11.984	-0.015085	162.12	-0.84468	0.00029762	-5.6266e-06	-0.00032231
11.986	-0.015062	162.09	-0.76486	0.0004014	0.00028637	-0.0004488
11.988	-0.015013	162.1	-0.68504	0.00050518	0.00057837	-0.0005753
11.99	-0.014949	162.16	-0.5964	0.00087874	0.00051968	-0.00060087
11.992	-0.014887	162.27	-0.50775	0.0012523	0.00046099	-0.00062645
11.994	-0.014847	162.41	-0.41796	0.0016258	0.0004023	-0.00065202
11.996	-0.014847	162.59	-0.32703	0.0019994	0.0003436	-0.00067759
11.998	-0.014901	162.8	-0.2361	0.002373	0.00028491	-0.00070316
12	-0.015011	163.05	-0.15078	0.0027005	4.2829e-05	-0.00055539
12.002	-0.01517	163.32	-0.065457	0.003028	-0.00019925	-0.00040762
12.004	-0.015364	163.63	0.0133	0.0033556	-0.00044134	-0.00025986
12.006	-0.015574	163.96	0.08549	0.0036831	-0.00068342	-0.00011209
12.008	-0.015778	164.31	0.15768	0.0040107	-0.0009255	3.5679e-05
12.01	-0.015961	164.68	0.21134	0.0039508	-0.0010742	0.00020864
12.012	-0.016116	165.07	0.26499	0.0038909	-0.0012228	0.0003816
12.014	-0.016243	165.47	0.30833	0.003831	-0.0013715	0.00055456
12.016	-0.016351	165.89	0.34136	0.0037712	-0.0015201	0.00072752
12.018	-0.016449	166.31	0.37439	0.0037113	-0.0016688	0.00090048
12.02	-0.016548	166.74	0.38828	0.0032818	-0.0016315	0.00089629
12.022	-0.016654	167.17	0.40216	0.0028523	-0.0015942	0.0008921
12.024	-0.016765	167.61	0.40859	0.0024228	-0.0015569	0.00088791
12.026	-0.016869	168.04	0.40758	0.0019932	-0.0015195	0.00088372
12.028	-0.016953	168.47	0.40656	0.0015637	-0.0014822	0.00087953
12.03	-0.017003	168.9	0.39608	0.0011502	-0.0013881	0.00067342
12.032	-0.017009	169.32	0.3856	0.00073676	-0.0012939	0.00046731
12.034	-0.016975	169.73	0.3728	0.00032327	-0.0011997	0.0002612
12.036	-0.016915	170.13	0.35768	-9.0221e-05	-0.0011055	5.5084e-05
12.038	-0.016856	170.53	0.34256	-0.00050371	-0.0010114	-0.00015103
12.04	-0.016833	170.91	0.32559	-0.00054235	-0.00098543	-0.00036157
12.042	-0.01688	171.27	0.30862	-0.00058099	-0.0009595	-0.00057212
12.044	-0.017023	171.63	0.29083	-0.00061964	-0.00093357	-0.00078267
12.046	-0.017271	171.96	0.27222	-0.00065828	-0.00090765	-0.00099321
12.048	-0.017612	172.29	0.2536	-0.00069692	-0.00088172	-0.0012038
12.05	-0.018013	172.6	0.23142	-0.00040851	-0.00082991	-0.0012089
12.052	-0.018422	172.89	0.20924	-0.00012009	-0.00077809	-0.0012141
12.054	-0.018781	173.16	0.18388	0.00016832	-0.00072628	-0.0012192
12.056	-0.019036	173.42	0.15533	0.00045673	-0.00067447	-0.0012244
12.058	-0.019145	173.66	0.12679	0.00074514	-0.00062265	-0.0012296
12.06	-0.019094	173.88	0.089717	0.00098077	-0.00035534	-0.0010553
12.062	-0.018895	174.08	0.052646	0.0012164	-8.8034e-05	-0.00088103
12.064	-0.018589	174.27	0.011167	0.001452	0.00017928	-0.00070676
12.066	-0.018238	174.44	-0.03472	0.0016876	0.00044659	-0.00053249
12.068	-0.017911	174.59	-0.080607	0.0019233	0.0007139	-0.00035823
12.07	-0.017675	174.72	-0.13327	0.0018575	0.0011351	-0.00024068
12.072	-0.01758	174.84	-0.18592	0.0017917	0.0015563	-0.00012314
12.074	-0.01765	174.93	-0.24	0.0017259	0.0019775	-5.6031e-06
12.076	-0.017879	175.01	-0.29548	0.0016602	0.0023987	0.00011194
12.078	-0.018234	175.07	-0.35097	0.0015944	0.0028199	0.00022948
12.08	-0.018663	175.12	-0.40458	0.0013822	0.003033	0.00014863
12.082	-0.019104	175.14	-0.45819	0.0011699	0.0032461	6.7791e-05
12.084	-0.019499	175.14	-0.50885	0.00095772	0.0034591	-1.3052e-05
12.086	-0.019803	175.13	-0.55656	0.0007455	0.0036722	-9.3896e-05
12.088	-0.019991	175.09	-0.60427	0.00053328	0.0038853	-0.00017474
12.09	-0.020059	175.04	-0.64388	0.00048138	0.0036154	-0.00031571
12.092	-0.020022	174.97	-0.68349	0.00042949	0.0033456	-0.00045668
12.094	-0.019909	174.87	-0.71916	0.0003776	0.0030758	-0.00059766
12.096	-0.019753	174.76	-0.75088	0.0003257	0.0028059	-0.00073863
12.098	-0.019582	174.63	-0.7826	0.00027381	0.0025361	-0.0008796
12.1	-0.019421	174.47	-0.80879	0.00043689	0.0019359	-0.00086491
12.102	-0.019282	174.29	-0.83498	0.00059998	0.0013357	-0.00085022
12.104	-0.019169	174.09	-0.86024	0.00076307	0.00073547	-0.00083553
12.106	-0.019083	173.87	-0.88456	0.00092615	0.00013526	-0.00082084
12.108	-0.019022	173.63	-0.90888	0.0010892	-0.00046495	-0.00080614
12.11	-0.018988	173.36	-0.93511	0.0012115	-0.00092417	-0.00064687
12.112	-0.018986	173.06	-0.96134	0.0013337	-0.0013834	-0.00048759
12.114	-0.019022	172.75	-0.98996	0.001456	-0.0018426	-0.00032832
12.116	-0.019101	172.4	-1.021	0.0015782	-0.0023018	-0.00016904
12.118	-0.019222	172.03	-1.052	0.0017005	-0.0027611	-9.7651e-06
12.12	-0.019376	171.64	-1.0891	0.0015151	-0.0027105	7.1046e-05
12.122	-0.01954	171.22	-1.1262	0.0013298	-0.0026599	0.00015186
12.124	-0.019686	170.77	-1.1661	0.0011445	-0.0026093	0.00023267
12.126	-0.019781	170.3	-1.209	0.00095911	-0.0025587	0.00031348
12.128	-0.019796	169.8	-1.2519	0.00077378	-0.0025081	0.00039429
12.13	-0.019715	169.27	-1.2991	0.00031441	-0.002013	0.0002574
12.132	-0.01954	168.71	-1.3463	-0.00014496	-0.0015179	0.00012052
12.134	-0.019294	168.12	-1.3946	-0.00060433	-0.0010228	-1.6365e-05
12.136	-0.019015	167.5	-1.4442	-0.0010637	-0.00052767	-0.00015325
12.138	-0.018754	166.85	-1.4938	-0.0015231	-3.2576e-05	-0.00029014
12.14	-0.018557	166.18	-1.544	-0.0019262	0.00045826	-0.00050366
12.142	-0.018464	165.47	-1.5943	-0.0023293	0.0009491	-0.00071718
12.144	-0.018486	164.73	-1.6444	-0.0027324	0.0014399	-0.0009307
12.146	-0.018613	163.95	-1.6944	-0.0031356	0.0019308	-0.0011442
12.148	-0.018804	163.15	-1.7445	-0.0035387	0.0024216	-0.0013577
12.15	-0.019003	162.31	-1.7944	-0.0035992	0.0024775	-0.0013617
12.152	-0.019146	161.44	-1.8442	-0.0036598	0.0025333	-0.0013657
12.154	-0.019176	160.54	-1.8945	-0.0037203	0.0025891	-0.0013696
12.156	-0.019056	159.6	-1.9452	-0.0037808	0.002645	-0.0013736
12.158	-0.018777	158.63	-1.9959	-0.0038414	0.0027008	-0.0013776
12.16	-0.018362	157.62	-2.0487	-0.0036218	0.0023012	-0.0010782
12.162	-0.017858	156.58	-2.1016	-0.0034022	0.0019017	-0.00077879
12.164	-0.017326	155.51	-2.1563	-0.0031827	0.0015021	-0.00047939
12.166	-0.016825	154.4	-2.2128	-0.0029631	0.0011026	-0.00018
12.168	-0.016402	153.25	-2.2694	-0.0027435	0.00070301	0.00011939
12.17	-0.016076	152.07	-2.3308	-0.0025442	0.0002381	0.00046523
12.172	-0.015841	150.86	-2.3922	-0.0023449	-0.00022681	0.00081107
12.174	-0.015661	149.6	-2.4563	-0.0021456	-0.00069172	0.0011569
12.176	-0.01549	148.32	-2.5231	-0.0019463	-0.0011566	0.0015028
12.178	-0.015276	147	-2.5899	-0.001747	-0.0016215	0.0018486
12.18	-0.014983	145.64	-2.6619	-0.0017207	-0.001754	0.0018929
12.182	-0.014597	144.25	-2.734	-0.0016945	-0.0018865	0.0019373
12.184	-0.014131	142.83	-2.8083	-0.0016682	-0.0020189	0.0019816
12.186	-0.013622	141.38	-2.8849	-0.0016419	-0.0021514	0.0020259
12.188	-0.013118	139.89	-2.9614	-0.0016157	-0.0022838	0.0020702
12.19	-0.012667	138.38	-3.0413	-0.0016277	-0.002059	0.0017698
12.192	-0.0123	136.83	-3.1211	-0.0016398	-0.0018342	0.0014695
12.194	-0.012022	135.26	-3.202	-0.0016518	-0.0016093	0.0011691
12.196	-0.011806	133.66	-3.2839	-0.0016639	-0.0013845	0.00086867
12.198	-0.011601	132.03	-3.3657	-0.0016759	-0.0011597	0.00056828
12.2	-0.011341	130.38	-3.4485	-0.0015813	-0.0008828	0.00022348
12.202	-0.010964	128.71	-3.5312	-0.0014866	-0.00060591	-0.00012132
12.204	-0.010428	127.02	-3.614	-0.001392	-0.00032903	-0.00046611
12.206	-0.0097235	125.31	-3.6969	-0.0012973	-5.2146e-05	-0.00081091
12.208	-0.0088764	123.58	-3.7797	-0.0012026	0.00022474	-0.0011557
12.21	-0.0079434	121.83	-3.8622	-0.0010941	0.00028077	-0.0012413
12.212	-0.0069985	120.08	-3.9447	-0.00098552	0.0003368	-0.001327
12.214	-0.0061127	118.31	-4.0271	-0.00087696	0.00039283	-0.0014126
12.216	-0.0053355	116.53	-4.1092	-0.00076841	0.00044886	-0.0014982
12.218	-0.0046803	114.75	-4.1913	-0.00065985	0.0005049	-0.0015838
12.22	-0.0041196	112.96	-4.2731	-0.00068337	0.00035342	-0.0013962
12.222	-0.0035904	111.17	-4.3549	-0.00070689	0.00020194	-0.0012085
12.224	-0.0030106	109.38	-4.4364	-0.00073041	5.0464e-05	-0.0010209
12.226	-0.0023012	107.59	-4.5177	-0.00075393	-0.00010101	-0.00083321
12.228	-0.0014086	105.79	-4.5989	-0.00077745	-0.00025249	-0.00064555
12.23	-0.00032143	104.01	-4.6793	-0.00081129	-0.00038625	-0.00042386
12.232	0.00092359	102.23	-4.7597	-0.00084513	-0.00052001	-0.00020218
12.234	0.0022493	100.45	-4.8392	-0.00087897	-0.00065377	1.9507e-05
12.236	0.0035575	98.681	-4.9179	-0.00091281	-0.00078752	0.00024119
12.238	0.0047559	96.92	-4.9967	-0.00094665	-0.00092128	0.00046288
12.24	0.0057869	95.167	-5.0729	-0.00071709	-0.00088141	0.0005008
12.242	0.0066484	93.423	-5.1491	-0.00048754	-0.00084153	0.00053871
12.244	0.007402	91.688	-5.2236	-0.00025798	-0.00080166	0.00057663
12.246	0.0081637	89.962	-5.2964	-2.8428e-05	-0.00076178	0.00061455
12.248	0.009079	88.245	-5.3693	0.00020113	-0.0007219	0.00065247
12.25	0.010287	86.536	-5.4383	0.00066289	-0.00060473	0.0005386
12.252	0.011881	84.835	-5.5073	0.0011247	-0.00048755	0.00042473
12.254	0.013876	83.14	-5.5744	0.0015864	-0.00037038	0.00031086
12.256	0.016195	81.451	-5.6396	0.0020482	-0.0002532	0.000197
12.258	0.01867	79.767	-5.7048	0.00251	-0.00013603	8.313e-05
12.26	0.021075	78.087	-5.7665	0.0027788	-0.00012815	2.8244e-05
12.262	0.023165	76.407	-5.8282	0.0030477	-0.00012027	-2.6642e-05
12.264	0.024732	74.729	-5.8884	0.0033166	-0.00011239	-8.1528e-05
12.266	0.025656	73.048	-5.9471	0.0035855	-0.00010451	-0.00013641
12.268	0.025932	71.365	-6.0059	0.0038544	-9.6628e-05	-0.0001913
12.27	0.025682	69.677	-6.0623	0.0036321	-0.00016652	-0.00010308
12.272	0.025136	67.982	-6.1186	0.0034099	-0.00023642	-1.4861e-05
12.274	0.024583	66.278	-6.1739	0.0031877	-0.00030631	7.3358e-05
12.276	0.024312	64.564	-6.2282	0.0029655	-0.00037621	0.00016158
12.278	0.024543	62.838	-6.2824	0.0027433	-0.0004461	0.0002498
12.28	0.025383	61.098	-6.3347	0.002312	-0.00039192	0.00030327
12.282	0.026789	59.343	-6.3869	0.0018808	-0.00033774	0.00035674
12.284	0.028577	57.572	-6.4381	0.0014496	-0.00028356	0.00041021
12.286	0.030454	55.783	-6.4883	0.0010184	-0.00022938	0.00046369
12.288	0.032086	53.976	-6.5386	0.00058717	-0.0001752	0.00051716
12.29	0.033161	52.149	-6.5871	0.00051659	9.14e-06	0.0003516
12.292	0.033465	50.302	-6.6356	0.00044601	0.00019348	0.00018605
12.294	0.032926	48.435	-6.6837	0.00037542	0.00037782	2.0489e-05
12.296	0.031628	46.547	-6.7313	0.00030484	0.00056215	-0.00014507
12.298	0.029794	44.638	-6.7788	0.00023426	0.00074649	-0.00031062
12.3	0.027734	42.71	-6.8265	0.00065196	0.00081846	-0.00057342
12.302	0.02577	40.762	-6.8742	0.0010697	0.00089042	-0.00083622
12.304	0.024163	38.794	-6.9227	0.0014874	0.00096238	-0.001099
12.306	0.023049	36.81	-6.9718	0.0019051	0.0010343	-0.0013618
12.308	0.022411	34.808	-7.0209	0.0023228	0.0011063	-0.0016246
12.31	0.02208	32.792	-7.0724	0.0027126	0.00097584	-0.0016479
12.312	0.021774	30.761	-7.1239	0.0031024	0.00084537	-0.0016711
12.314	0.021172	28.719	-7.1766	0.0034922	0.0007149	-0.0016944
12.316	0.019987	26.666	-7.2306	0.0038819	0.00058444	-0.0017176
12.318	0.018042	24.606	-7.2846	0.0042717	0.00045397	-0.0017409
12.32	0.015319	22.538	-7.3402	0.0041206	0.00038856	-0.0014004
12.322	0.011966	20.468	-7.3959	0.0039695	0.00032315	-0.0010599
12.324	0.0082742	18.394	-7.4515	0.0038184	0.00025774	-0.00071942
12.326	0.0046141	16.322	-7.507	0.0036673	0.00019234	-0.00037892
12.328	0.001359	14.25	-7.5625	0.0035162	0.00012693	-3.8427e-05
12.33	-0.0011974	12.183	-7.6159	0.0029613	0.0003848	0.00037026
12.332	-0.0029019	10.122	-7.6693	0.0024065	0.00064267	0.00077895
12.334	-0.0037707	8.0685	-7.7208	0.0018516	0.00090054	0.0011876
12.336	-0.0039797	6.0236	-7.7703	0.0012967	0.0011584	0.0015963
12.338	-0.0038162	3.9901	-7.8198	0.00074177	0.0014163	0.002005
12.34	-0.0036077	1.9677	-7.8647	0.00034736	0.0018271	0.0020941
12.342	-0.0036419	-0.041276	-7.9096	-4.7045e-05	0.002238	0.0021832
12.344	-0.0040998	-2.037	-7.9523	-0.00044145	0.0026489	0.0022723
12.346	-0.005016	-4.0182	-7.9929	-0.00083586	0.0030597	0.0023615
12.348	-0.0062781	-5.9849	-8.0335	-0.0012303	0.0034706	0.0024506
12.35	-0.0076623	-7.9368	-8.0714	-0.0011998	0.0035876	0.0022005
12.352	-0.0088982	-9.8739	-8.1092	-0.0011693	0.0037046	0.0019504
12.354	-0.0097435	-11.797	-8.1465	-0.0011388	0.0038215	0.0017003
12.356	-0.010051	-13.706	-8.1834	-0.0011083	0.0039385	0.0014502
12.358	-0.0098114	-15.602	-8.2202	-0.0010778	0.0040555	0.0012002
12.36	-0.0091538	-17.486	-8.2577	-0.00087971	0.0036775	0.00095066
12.362	-0.008314	-19.359	-8.2951	-0.00068167	0.0032995	0.00070116
12.364	-0.007569	-21.222	-8.3332	-0.00048362	0.0029214	0.00045166
12.366	-0.0071586	-23.076	-8.3719	-0.00028558	0.0025434	0.00020216
12.368	-0.0072158	-24.923	-8.4107	-8.7534e-05	0.0021653	-4.7344e-05
12.37	-0.007723	-26.765	-8.4505	-5.2357e-05	0.0015528	-3.9604e-05
12.372	-0.008509	-28.603	-8.4903	-1.718e-05	0.00094028	-3.1865e-05
12.374	-0.0092893	-30.438	-8.5303	1.7997e-05	0.00032774	-2.4125e-05
12.376	-0.0097416	-32.271	-8.5704	5.3174e-05	-0.00028479	-1.6386e-05
12.378	-0.0095974	-34.106	-8.6106	8.8351e-05	-0.00089732	-8.6461e-06
12.38	-0.0087264	-35.941	-8.6504	-6.3064e-05	-0.0012956	0.00015731
12.382	-0.0071906	-37.78	-8.6902	-0.00021448	-0.0016939	0.00032326
12.384	-0.0052489	-39.622	-8.7298	-0.0003659	-0.0020922	0.00048921
12.386	-0.0033083	-41.469	-8.7693	-0.00051731	-0.0024905	0.00065516
12.388	-0.0018258	-43.321	-8.8088	-0.00066873	-0.0028888	0.00082111
12.39	-0.001185	-45.178	-8.8489	-0.00083723	-0.0028331	0.00089597
12.392	-0.0015733	-47.042	-8.8889	-0.0010057	-0.0027773	0.00097082
12.394	-0.0028929	-48.912	-8.93	-0.0011742	-0.0027216	0.0010457
12.396	-0.0047317	-50.788	-8.9721	-0.0013427	-0.0026658	0.0011205
12.398	-0.0064087	-52.669	-9.0141	-0.0015112	-0.0026101	0.0011954
12.4	-0.0070927	-54.555	-9.0594	-0.0015814	-0.0022574	0.0010996
12.402	-0.0059739	-56.445	-9.1047	-0.0016516	-0.0019047	0.0010037
12.404	-0.0024576	-58.337	-9.1515	-0.0017217	-0.001552	0.00090793
12.406	0.0036611	-60.23	-9.2	-0.0017919	-0.0011993	0.00081211
12.408	0.012084	-62.123	-9.2485	-0.001862	-0.00084667	0.00071629
12.41	0.021985	-64.014	-9.2985	-0.0017948	-0.00059856	0.00055331
12.412	0.032091	-65.901	-9.3485	-0.0017275	-0.00035045	0.00039032
12.414	0.040858	-67.782	-9.3975	-0.0016602	-0.00010234	0.00022734
12.416	0.046717	-69.656	-9.4456	-0.001593	0.00014578	6.4355e-05
12.418	0.048343	-71.518	-9.4937	-0.0015257	0.00039389	-9.8629e-05
12.42	0.044907	-73.37	-9.5358	-0.0013146	0.0002937	-0.00022532
12.422	0.036243	-75.207	-9.5778	-0.0011034	0.00019351	-0.00035201
12.424	0.022919	-77.028	-9.6149	-0.00089229	9.3318e-05	-0.0004787
12.426	0.0061738	-78.83	-9.6471	-0.00068115	-6.8722e-06	-0.00060539
12.428	-0.012256	-80.614	-9.6793	-0.00047001	-0.00010706	-0.00073208
12.43	-0.0304	-82.375	-9.6996	-0.00020841	-0.0003939	-0.00078261
12.432	-0.046351	-84.115	-9.7199	5.3177e-05	-0.00068073	-0.00083314
12.434	-0.058559	-85.829	-9.7345	0.00031477	-0.00096757	-0.00088367
12.436	-0.06605	-87.52	-9.7434	0.00057636	-0.0012544	-0.0009342
12.438	-0.068543	-89.184	-9.7523	0.00083795	-0.0015412	-0.00098473
12.44	-0.066456	-90.823	-9.7527	0.00096323	-0.001673	-0.0009443
12.442	-0.060783	-92.436	-9.7531	0.0010885	-0.0018048	-0.00090386
12.444	-0.052889	-94.023	-9.7514	0.0012138	-0.0019366	-0.00086343
12.446	-0.044259	-95.586	-9.7478	0.0013391	-0.0020684	-0.00082299
12.448	-0.036247	-97.123	-9.7441	0.0014644	-0.0022002	-0.00078256
12.45	-0.029865	-98.639	-9.7409	0.0013668	-0.0020822	-0.00068682
12.452	-0.025667	-100.13	-9.7376	0.0012693	-0.0019643	-0.00059108
12.454	-0.023716	-101.61	-9.7362	0.0011718	-0.0018463	-0.00049534
12.456	-0.02365	-103.06	-9.7367	0.0010742	-0.0017284	-0.0003996
12.458	-0.024822	-104.5	-9.7372	0.00097669	-0.0016105	-0.00030386
12.46	-0.026471	-105.93	-9.7427	0.00078731	-0.0014713	-0.0002523
12.462	-0.027893	-107.35	-9.7481	0.00059794	-0.0013322	-0.00020075
12.464	-0.028584	-108.76	-9.7558	0.00040856	-0.0011931	-0.0001492
12.466	-0.028313	-110.16	-9.7656	0.00021919	-0.0010539	-9.7645e-05
12.468	-0.027135	-111.56	-9.7754	2.9814e-05	-0.0009148	-4.6093e-05
12.47	-0.025337	-112.97	-9.7879	-7.147e-05	-0.00095393	-8.6236e-05
12.472	-0.023336	-114.37	-9.8004	-0.00017275	-0.00099306	-0.00012638
12.474	-0.021568	-115.79	-9.8135	-0.00027404	-0.0010322	-0.00016652
12.476	-0.020381	-117.21	-9.8272	-0.00037532	-0.0010713	-0.00020667
12.478	-0.019958	-118.65	-9.8408	-0.00047661	-0.0011105	-0.00024681
12.48	-0.020292	-120.1	-9.8554	-0.00048042	-0.0012193	-0.00029189
12.482	-0.021204	-121.56	-9.8699	-0.00048424	-0.0013282	-0.00033698
12.484	-0.022402	-123.05	-9.8855	-0.00048806	-0.0014371	-0.00038206
12.486	-0.023557	-124.55	-9.9021	-0.00049188	-0.001546	-0.00042714
12.488	-0.024384	-126.07	-9.9187	-0.0004957	-0.0016548	-0.00047223
12.49	-0.024707	-127.62	-9.9398	-0.00051289	-0.0015952	-0.00042595
12.492	-0.024483	-129.19	-9.9609	-0.00053008	-0.0015356	-0.00037968
12.494	-0.023804	-130.78	-9.9854	-0.00054727	-0.001476	-0.00033341
12.496	-0.022858	-132.39	-10.013	-0.00056446	-0.0014164	-0.00028713
12.498	-0.021877	-134.02	-10.041	-0.00058165	-0.0013568	-0.00024086
12.5	-0.021074	-135.68	-10.078	-0.00063685	-0.0011341	-0.0001453
12.502	-0.020593	-137.35	-10.114	-0.00069206	-0.00091141	-4.9734e-05
12.504	-0.020484	-139.05	-10.155	-0.00074726	-0.00068873	4.5829e-05
12.506	-0.020694	-140.76	-10.2	-0.00080246	-0.00046605	0.00014139
12.508	-0.021098	-142.48	-10.245	-0.00085767	-0.00024337	0.00023695
12.51	-0.021533	-144.22	-10.298	-0.00086173	-0.00014425	0.00027972
12.512	-0.021844	-145.96	-10.35	-0.0008658	-4.5118e-05	0.00032248
12.514	-0.021928	-147.72	-10.405	-0.00086987	5.4011e-05	0.00036525
12.516	-0.021752	-149.47	-10.463	-0.00087393	0.00015314	0.00040801
12.518	-0.021363	-151.23	-10.521	-0.000878	0.00025227	0.00045078
12.52	-0.020865	-152.99	-10.584	-0.00078623	1.9614e-05	0.00045028
12.522	-0.020392	-154.75	-10.646	-0.00069447	-0.00021304	0.00044978
12.524	-0.020069	-156.5	-10.711	-0.0006027	-0.00044569	0.00044929
12.526	-0.019977	-158.24	-10.779	-0.00051094	-0.00067835	0.00044879
12.528	-0.020138	-159.98	-10.846	-0.00041917	-0.000911	0.00044829
12.53	-0.020503	-161.7	-10.92	-0.00030788	-0.0013296	0.00050442
12.532	-0.020973	-163.4	-10.994	-0.00019658	-0.0017482	0.00056054
12.534	-0.021421	-165.1	-11.072	-8.5285e-05	-0.0021669	0.00061666
12.536	-0.021725	-166.78	-11.155	2.601e-05	-0.0025855	0.00067279
12.538	-0.021799	-168.44	-11.238	0.00013731	-0.0030041	0.00072891
12.54	-0.021614	-170.09	-11.332	0.00017296	-0.0032731	0.0008487
12.542	-0.021197	-171.72	-11.426	0.00020862	-0.0035421	0.00096849
12.544	-0.020629	-173.33	-11.525	0.00024428	-0.0038111	0.0010883
12.546	-0.020017	-174.93	-11.629	0.00027994	-0.0040801	0.0012081
12.548	-0.019466	-176.52	-11.733	0.0003156	-0.0043491	0.0013279
12.55	-0.019055	-178.1	-11.843	0.00026997	-0.0043107	0.0013532
12.552	-0.018818	-179.67	-11.953	0.00022434	-0.0042723	0.0013784
12.554	-0.018734	-181.23	-12.061	0.00017871	-0.004234	0.0014037
12.556	-0.018736	-182.79	-12.169	0.00013309	-0.0041956	0.001429
12.558	-0.018731	-184.34	-12.277	8.7458e-05	-0.0041572	0.0014543
12.56	-0.018622	-185.9	-12.373	-4.5217e-06	-0.0039341	0.0012294
12.562	-0.018331	-187.46	-12.469	-9.6502e-05	-0.0037109	0.0010046
12.564	-0.017823	-189.03	-12.552	-0.00018848	-0.0034877	0.00077973
12.566	-0.017108	-190.61	-12.624	-0.00028046	-0.0032645	0.00055488
12.568	-0.016237	-192.2	-12.696	-0.00037244	-0.0030414	0.00033002
12.57	-0.01529	-193.8	-12.733	-0.00054756	-0.0027983	-5.4018e-05
12.572	-0.014353	-195.42	-12.77	-0.00072267	-0.0025552	-0.00043806
12.574	-0.013493	-197.07	-12.786	-0.00089778	-0.0023121	-0.0008221
12.576	-0.012749	-198.73	-12.781	-0.0010729	-0.002069	-0.0012061
12.578	-0.012115	-200.41	-12.775	-0.001248	-0.0018259	-0.0015902
12.58	-0.011548	-202.12	-12.721	-0.0015612	-0.0015465	-0.0017794
12.582	-0.010982	-203.85	-12.668	-0.0018743	-0.0012671	-0.0019686
12.584	-0.010339	-205.6	-12.588	-0.0021875	-0.00098778	-0.0021578
12.586	-0.0095588	-207.37	-12.484	-0.0025007	-0.00070841	-0.002347
12.588	-0.0086084	-209.16	-12.379	-0.0028138	-0.00042904	-0.0025362
12.59	-0.0074929	-210.96	-12.222	-0.0031645	7.0258e-06	-0.0022314
12.592	-0.0062535	-212.77	-12.065	-0.0035153	0.00044309	-0.0019266
12.594	-0.0049564	-214.59	-11.881	-0.003866	0.00087916	-0.0016218
12.596	-0.0036763	-216.42	-11.672	-0.0042167	0.0013152	-0.0013171
12.598	-0.0024768	-218.24	-11.462	-0.0045675	0.0017513	-0.0010123
12.6	-0.0013941	-220.05	-11.201	-0.0047321	0.0023202	-0.00032308
12.602	-0.00042814	-221.83	-10.939	-0.0048968	0.002889	0.00036613
12.604	0.00045747	-223.6	-10.652	-0.0050614	0.0034579	0.0010553
12.606	0.0013265	-225.33	-10.339	-0.0052261	0.0040267	0.0017445
12.608	0.0022547	-227.02	-10.026	-0.0053907	0.0045956	0.0024337
12.61	0.0033105	-228.65	-9.6653	-0.0052971	0.0050491	0.0030273
12.612	0.0045394	-230.22	-9.3043	-0.0052035	0.0055027	0.0036208
12.614	0.0059522	-231.71	-8.9214	-0.0051098	0.0059563	0.0042143
12.616	0.0075232	-233.12	-8.5168	-0.0050162	0.0064098	0.0048078
12.618	0.0091971	-234.43	-8.1122	-0.0049225	0.0068634	0.0054013
12.62	0.010903	-235.63	-7.6712	-0.0047632	0.0069184	0.0054982
12.622	0.01257	-236.71	-7.2302	-0.0046038	0.0069734	0.0055951
12.624	0.014146	-237.67	-6.7757	-0.0044445	0.0070284	0.005692
12.626	0.015611	-238.48	-6.3078	-0.0042851	0.0070834	0.0057889
12.628	0.016977	-239.14	-5.8399	-0.0041258	0.0071384	0.0058859
12.63	0.01829	-239.64	-5.3556	-0.0040986	0.0067294	0.0055273
12.632	0.019611	-239.96	-4.8713	-0.0040714	0.0063203	0.0051688
12.634	0.021007	-240.11	-4.3839	-0.0040442	0.0059112	0.0048103
12.636	0.022533	-240.06	-3.8935	-0.0040171	0.0055022	0.0044518
12.638	0.024213	-239.82	-3.4031	-0.0039899	0.0050931	0.0040933
12.64	0.02604	-239.37	-2.9155	-0.0039885	0.0044687	0.0036128
12.642	0.027978	-238.71	-2.4279	-0.0039872	0.0038443	0.0031323
12.644	0.029964	-237.83	-1.945	-0.0039858	0.00322	0.0026518
12.646	0.031932	-236.73	-1.4669	-0.0039845	0.0025956	0.0021714
12.648	0.033822	-235.4	-0.98869	-0.0039831	0.0019712	0.0016909
12.65	0.0356	-233.85	-0.52451	-0.0036376	0.0015429	0.0012877
12.652	0.037262	-232.06	-0.060328	-0.0032921	0.0011145	0.00088459
12.654	0.03884	-230.05	0.39529	-0.0029466	0.00068621	0.00048145
12.656	0.040388	-227.81	0.84234	-0.0026011	0.00025789	7.8314e-05
12.658	0.041977	-225.33	1.2894	-0.0022555	-0.00017043	-0.00032482
12.66	0.043671	-222.63	1.7166	-0.0013283	-0.00016525	-0.00070892
12.662	0.045516	-219.71	2.1438	-0.00040113	-0.00016007	-0.001093
12.664	0.047525	-216.57	2.5594	0.00052607	-0.00015489	-0.0014771
12.666	0.049678	-213.22	2.9635	0.0014533	-0.00014971	-0.0018612
12.668	0.05192	-209.66	3.3676	0.0023805	-0.00014453	-0.0022453
12.67	0.054174	-205.9	3.7445	0.0036208	0.00011894	-0.0026516
12.672	0.056358	-201.94	4.1215	0.0048611	0.0003824	-0.003058
12.674	0.0584	-197.8	4.4825	0.0061014	0.00064586	-0.0034643
12.676	0.06025	-193.47	4.8277	0.0073418	0.00090932	-0.0038706
12.678	0.061892	-188.99	5.1728	0.0085821	0.0011728	-0.0042769
12.68	0.063343	-184.34	5.4817	0.009443	0.0012641	-0.0045254
12.682	0.064648	-179.54	5.7906	0.010304	0.0013555	-0.0047738
12.684	0.065869	-174.61	6.0796	0.011165	0.0014468	-0.0050222
12.686	0.067069	-169.54	6.3488	0.012026	0.0015381	-0.0052706
12.688	0.068298	-164.35	6.618	0.012887	0.0016295	-0.005519
12.69	0.069584	-159.06	6.8458	0.012806	0.0013282	-0.0053867
12.692	0.070927	-153.66	7.0737	0.012726	0.001027	-0.0052544
12.694	0.072301	-148.18	7.2811	0.012646	0.00072576	-0.0051221
12.696	0.073661	-142.62	7.4679	0.012566	0.00042452	-0.0049899
12.698	0.074955	-136.99	7.6548	0.012486	0.00012328	-0.0048576
12.7	0.076138	-131.29	7.8028	0.011532	-0.00030701	-0.0043945
12.702	0.077179	-125.55	7.9508	0.010578	-0.0007373	-0.0039314
12.704	0.078069	-119.76	8.0809	0.0096233	-0.0011676	-0.0034683
12.706	0.078818	-113.94	8.1932	0.0086691	-0.0015979	-0.0030052
12.708	0.079456	-108.1	8.3054	0.0077149	-0.0020282	-0.0025421
12.71	0.080016	-102.23	8.3852	0.0065202	-0.0021324	-0.0020875
12.712	0.080529	-96.36	8.465	0.0053255	-0.0022366	-0.001633
12.714	0.081011	-90.485	8.5301	0.0041308	-0.0023409	-0.0011784
12.716	0.08146	-84.611	8.5805	0.002936	-0.0024451	-0.00072382
12.718	0.081852	-78.75	8.6309	0.0017413	-0.0025493	-0.00026926
12.72	0.082148	-72.902	8.6545	0.00097469	-0.0022274	-0.00011914
12.722	0.082302	-67.079	8.678	0.00020807	-0.0019054	3.0968e-05
12.724	0.08227	-61.28	8.6891	-0.00055856	-0.0015835	0.00018108
12.726	0.082024	-55.516	8.6877	-0.0013252	-0.0012616	0.00033119
12.728	0.081552	-49.786	8.6863	-0.0020918	-0.00093961	0.00048131
12.73	0.080869	-44.101	8.6619	-0.0022154	-0.00052332	0.00035272
12.732	0.080007	-38.459	8.6375	-0.002339	-0.00010703	0.00022414
12.734	0.07901	-32.868	8.6025	-0.0024625	0.00030926	9.5561e-05
12.736	0.077923	-27.33	8.5571	-0.0025861	0.00072556	-3.3021e-05
12.738	0.076779	-21.852	8.5116	-0.0027097	0.0011419	-0.0001616
12.74	0.075595	-16.432	8.4476	-0.0024741	0.0013764	-0.00032279
12.742	0.074364	-11.079	8.3835	-0.0022385	0.001611	-0.00048398
12.744	0.073055	-5.7924	8.3115	-0.0020029	0.0018455	-0.00064516
12.746	0.071625	-0.57813	8.2315	-0.0017673	0.0020801	-0.00080635
12.748	0.070025	4.5635	8.1516	-0.0015317	0.0023146	-0.00096754
12.75	0.068213	9.6268	8.0588	-0.0013567	0.0024478	-0.00099614
12.752	0.066168	14.612	7.9659	-0.0011818	0.002581	-0.0010247
12.754	0.063889	19.513	7.868	-0.0010068	0.0027142	-0.0010533
12.756	0.061406	24.331	7.7651	-0.00083176	0.0028474	-0.001082
12.758	0.058768	29.06	7.6621	-0.00065677	0.0029806	-0.0011106
12.76	0.056039	33.701	7.5515	-0.00072148	0.0031417	-0.001041
12.762	0.053281	38.25	7.4408	-0.0007862	0.0033028	-0.0009715
12.764	0.050547	42.707	7.3273	-0.00085092	0.0034638	-0.00090197
12.766	0.047868	47.068	7.2109	-0.00091564	0.0036249	-0.00083244
12.768	0.045251	51.334	7.0945	-0.00098036	0.003786	-0.00076292
12.77	0.042678	55.503	6.9739	-0.0011573	0.0038167	-0.00070317
12.772	0.040115	59.575	6.8533	-0.0013343	0.0038474	-0.00064343
12.774	0.037521	63.548	6.7313	-0.0015112	0.003878	-0.00058369
12.776	0.034861	67.423	6.6078	-0.0016882	0.0039087	-0.00052395
12.778	0.032115	71.201	6.4844	-0.0018651	0.0039394	-0.00046421
12.78	0.029291	74.881	6.3597	-0.001915	0.0036115	-0.00045749
12.782	0.026416	78.465	6.2349	-0.001965	0.0032837	-0.00045078
12.784	0.023541	81.954	6.1103	-0.0020149	0.0029558	-0.00044407
12.786	0.020725	85.351	5.986	-0.0020649	0.0026279	-0.00043735
12.788	0.018028	88.655	5.8617	-0.0021148	0.0023001	-0.00043064
12.79	0.015492	91.872	5.7401	-0.0019084	0.001722	-0.00044636
12.792	0.01314	95.001	5.6184	-0.0017021	0.0011438	-0.00046209
12.794	0.010965	98.049	5.4994	-0.0014957	0.00056568	-0.00047781
12.796	0.0089353	101.02	5.3831	-0.0012894	-1.2455e-05	-0.00049354
12.798	0.0070011	103.91	5.2667	-0.001083	-0.00059059	-0.00050926
12.8	0.0051072	106.73	5.1584	-0.00070126	-0.0010409	-0.00050142
12.802	0.0032054	109.48	5.0501	-0.00031947	-0.0014912	-0.00049357
12.804	0.0012666	112.17	4.9471	6.2313e-05	-0.0019414	-0.00048572
12.806	-0.00071211	114.8	4.8494	0.0004441	-0.0023917	-0.00047788
12.808	-0.0027055	117.38	4.7516	0.00082588	-0.002842	-0.00047003
12.81	-0.004665	119.9	4.666	0.0011631	-0.0029425	-0.00043202
12.812	-0.0065291	122.38	4.5805	0.0015003	-0.003043	-0.00039401
12.814	-0.0082365	124.83	4.5013	0.0018375	-0.0031435	-0.00035599
12.816	-0.0097395	127.23	4.4284	0.0021748	-0.003244	-0.00031798
12.818	-0.011016	129.6	4.3555	0.002512	-0.0033445	-0.00027997
12.82	-0.012072	131.95	4.2941	0.0026235	-0.0031945	-0.00026348
12.822	-0.012945	134.27	4.2327	0.0027351	-0.0030445	-0.00024699
12.824	-0.013696	136.57	4.1756	0.0028467	-0.0028945	-0.00023051
12.826	-0.014394	138.85	4.123	0.0029583	-0.0027444	-0.00021402
12.828	-0.015106	141.12	4.0703	0.0030698	-0.0025944	-0.00019753
12.83	-0.015881	143.38	4.0223	0.0029265	-0.0023953	-0.00024189
12.832	-0.016743	145.62	3.9742	0.0027832	-0.0021962	-0.00028626
12.834	-0.017683	147.86	3.9261	0.0026398	-0.001997	-0.00033062
12.836	-0.018666	150.09	3.878	0.0024965	-0.0017979	-0.00037498
12.838	-0.019635	152.31	3.8298	0.0023532	-0.0015988	-0.00041934
12.84	-0.020526	154.52	3.7768	0.0020477	-0.0014678	-0.000454
12.842	-0.021282	156.73	3.7238	0.0017423	-0.0013367	-0.00048865
12.844	-0.021864	158.92	3.6664	0.0014368	-0.0012057	-0.00052331
12.846	-0.02226	161.11	3.6047	0.0011313	-0.0010747	-0.00055796
12.848	-0.022488	163.28	3.543	0.00082589	-0.00094368	-0.00059262
12.85	-0.022589	165.43	3.4701	0.00049487	-0.00094623	-0.00049582
12.852	-0.022624	167.57	3.3973	0.00016386	-0.00094877	-0.00039901
12.854	-0.022656	169.68	3.3184	-0.00016716	-0.00095132	-0.00030221
12.856	-0.022741	171.77	3.2335	-0.00049817	-0.00095387	-0.0002054
12.858	-0.022913	173.82	3.1485	-0.00082919	-0.00095641	-0.0001086
12.86	-0.023181	175.85	3.0518	-0.0010523	-0.0011393	0.00011159
12.862	-0.023529	177.83	2.9551	-0.0012754	-0.0013221	0.00033178
12.864	-0.023917	179.77	2.8529	-0.0014985	-0.001505	0.00055196
12.866	-0.024288	181.66	2.7454	-0.0017216	-0.0016879	0.00077215
12.868	-0.024588	183.5	2.6378	-0.0019447	-0.0018707	0.00099234
12.87	-0.024767	185.28	2.5204	-0.0019721	-0.0021753	0.0011711
12.872	-0.024795	187	2.403	-0.0019994	-0.0024799	0.0013499
12.874	-0.024663	188.65	2.2809	-0.0020268	-0.0027844	0.0015287
12.876	-0.024385	190.23	2.1543	-0.0020541	-0.003089	0.0017075
12.878	-0.023994	191.74	2.0276	-0.0020814	-0.0033936	0.0018863
12.88	-0.023535	193.16	1.8919	-0.0019329	-0.0036098	0.0018966
12.882	-0.023053	194.5	1.7563	-0.0017843	-0.0038261	0.0019068
12.884	-0.02259	195.76	1.6162	-0.0016357	-0.0040423	0.001917
12.886	-0.022175	196.93	1.4718	-0.0014872	-0.0042585	0.0019272
12.888	-0.021823	198.01	1.3274	-0.0013386	-0.0044748	0.0019374
12.89	-0.021534	199	1.1751	-0.0011547	-0.0043725	0.0018311
12.892	-0.021298	199.9	1.0228	-0.00097071	-0.0042702	0.0017249
12.894	-0.021099	200.7	0.86775	-0.00078676	-0.0041679	0.0016186
12.896	-0.02092	201.4	0.70988	-0.00060281	-0.0040656	0.0015124
12.898	-0.020748	202.02	0.55202	-0.00041886	-0.0039633	0.0014061
12.9	-0.020575	202.54	0.39252	-0.00034625	-0.0035128	0.0013141
12.902	-0.0204	202.97	0.23302	-0.00027363	-0.0030623	0.001222
12.904	-0.020223	203.31	0.075483	-0.00020102	-0.0026118	0.00113
12.906	-0.020048	203.56	-0.080093	-0.0001284	-0.0021613	0.0010379
12.908	-0.019872	203.73	-0.23567	-5.5791e-05	-0.0017107	0.00094588
12.91	-0.019692	203.81	-0.38085	-0.00010017	-0.0011717	0.00089783
12.912	-0.019498	203.82	-0.52603	-0.00014454	-0.00063274	0.00084979
12.914	-0.01928	203.75	-0.66284	-0.00018891	-9.3745e-05	0.00080175
12.916	-0.019029	203.62	-0.79128	-0.00023329	0.00044525	0.0007537
12.918	-0.018742	203.41	-0.91973	-0.00027766	0.00098425	0.00070566
12.92	-0.018423	203.15	-1.0264	-0.00033557	0.0012637	0.0006245
12.922	-0.018088	202.82	-1.133	-0.00039348	0.001543	0.00054335
12.924	-0.017763	202.44	-1.2273	-0.00045138	0.0018224	0.00046219
12.926	-0.017477	202.02	-1.3093	-0.00050929	0.0021018	0.00038104
12.928	-0.017262	201.55	-1.3913	-0.0005672	0.0023812	0.00029988
12.93	-0.017139	201.05	-1.4484	-0.00060725	0.0023186	0.00015473
12.932	-0.017121	200.5	-1.5056	-0.0006473	0.0022559	9.5864e-06
12.934	-0.017203	199.93	-1.5516	-0.00068735	0.0021933	-0.00013556
12.936	-0.017362	199.33	-1.5864	-0.0007274	0.0021306	-0.00028071
12.938	-0.017564	198.72	-1.6212	-0.00076745	0.002068	-0.00042586
12.94	-0.017766	198.08	-1.638	-0.00086443	0.001938	-0.00053515
12.942	-0.017926	197.43	-1.6548	-0.0009614	0.001808	-0.00064445
12.944	-0.018012	196.77	-1.6654	-0.0010584	0.001678	-0.00075374
12.946	-0.018005	196.1	-1.6697	-0.0011554	0.0015481	-0.00086304
12.948	-0.017906	195.43	-1.6741	-0.0012523	0.0014181	-0.00097233
12.95	-0.017735	194.76	-1.6713	-0.0014248	0.0015216	-0.00091731
12.952	-0.017525	194.08	-1.6686	-0.0015972	0.0016251	-0.0008623
12.954	-0.017316	193.41	-1.6645	-0.0017696	0.0017286	-0.00080728
12.956	-0.017147	192.74	-1.6593	-0.0019421	0.0018321	-0.00075226
12.958	-0.017046	192.08	-1.654	-0.0021145	0.0019356	-0.00069724
12.96	-0.017023	191.43	-1.6494	-0.0022751	0.0022633	-0.00048089
12.962	-0.017072	190.79	-1.6448	-0.0024356	0.002591	-0.00026454
12.964	-0.017171	190.15	-1.6412	-0.0025962	0.0029187	-4.8188e-05
12.966	-0.017288	189.53	-1.6387	-0.0027567	0.0032464	0.00016816
12.968	-0.017388	188.91	-1.6362	-0.0029173	0.003574	0.00038452
12.97	-0.017444	188.31	-1.6359	-0.0030199	0.0038809	0.00060016
12.972	-0.017441	187.71	-1.6355	-0.0031225	0.0041877	0.0008158
12.974	-0.017382	187.13	-1.6357	-0.0032252	0.0044946	0.0010314
12.976	-0.017286	186.56	-1.6363	-0.0033278	0.0048014	0.0012471
12.978	-0.017181	186	-1.637	-0.0034304	0.0051082	0.0014627
12.98	-0.017101	185.45	-1.6369	-0.0035146	0.0052116	0.0015006
12.982	-0.017072	184.91	-1.6368	-0.0035987	0.005315	0.0015386
12.984	-0.017106	184.38	-1.6353	-0.0036829	0.0054184	0.0015765
12.986	-0.0172	183.86	-1.6325	-0.003767	0.0055218	0.0016144
12.988	-0.017327	183.35	-1.6297	-0.0038511	0.0056252	0.0016523
12.99	-0.017452	182.85	-1.6224	-0.0038876	0.0054949	0.0015122
12.992	-0.017528	182.36	-1.6151	-0.0039241	0.0053646	0.0013721
12.994	-0.017518	181.89	-1.6048	-0.0039607	0.0052343	0.001232
12.996	-0.017394	181.42	-1.5915	-0.0039972	0.005104	0.0010918
12.998	-0.017154	180.96	-1.5783	-0.0040337	0.0049737	0.00095173
13	-0.016816	180.52	-1.558	-0.0038762	0.0046011	0.00085608
13.002	-0.016422	180.09	-1.5377	-0.0037188	0.0042284	0.00076043
13.004	-0.016025	179.66	-1.5134	-0.0035613	0.0038558	0.00066478
13.006	-0.015683	179.26	-1.4853	-0.0034039	0.0034831	0.00056913
13.008	-0.015444	178.86	-1.4572	-0.0032464	0.0031105	0.00047349
13.01	-0.015334	178.48	-1.4206	-0.0028285	0.0024917	0.00064819
13.012	-0.015359	178.11	-1.3841	-0.0024106	0.001873	0.0008229
13.014	-0.015495	177.76	-1.3431	-0.0019926	0.0012543	0.00099761
13.016	-0.015698	177.43	-1.2979	-0.0015747	0.00063552	0.0011723
13.018	-0.015912	177.11	-1.2526	-0.0011568	1.6783e-05	0.001347
13.02	-0.016085	176.81	-1.1985	-0.00063463	-0.00067735	0.0017034
13.022	-0.016175	176.52	-1.1445	-0.0001125	-0.0013715	0.0020598
13.024	-0.01616	176.26	-1.0863	0.00040963	-0.0020656	0.0024162
13.026	-0.016045	176.01	-1.0241	0.00093176	-0.0027597	0.0027725
13.028	-0.015857	175.79	-0.96184	0.0014539	-0.0034539	0.0031289
13.03	-0.01564	175.59	-0.89281	0.001847	-0.0038651	0.0032602
13.032	-0.015439	175.4	-0.82379	0.0022401	-0.0042764	0.0033916
13.034	-0.015296	175.24	-0.75257	0.0026333	-0.0046876	0.0035229
13.036	-0.015235	175.1	-0.67916	0.0030264	-0.0050988	0.0036542
13.038	-0.015257	174.98	-0.60574	0.0034195	-0.0055101	0.0037856
13.04	-0.015343	174.89	-0.53127	0.0035797	-0.005407	0.0034064
13.042	-0.015457	174.82	-0.45681	0.0037398	-0.0053039	0.0030273
13.044	-0.015555	174.77	-0.38379	0.0039	-0.0052007	0.0026481
13.046	-0.0156	174.74	-0.31222	0.0040602	-0.0050976	0.002269
13.048	-0.015569	174.73	-0.24065	0.0042203	-0.0049945	0.0018898
13.05	-0.01546	174.75	-0.176	0.0041624	-0.0045489	0.0012242
13.052	-0.015294	174.78	-0.11135	0.0041045	-0.0041033	0.0005585
13.054	-0.015111	174.84	-0.051887	0.0040465	-0.0036577	-0.00010718
13.056	-0.014957	174.92	0.002394	0.0039886	-0.0032121	-0.00077285
13.058	-0.014877	175.01	0.056675	0.0039307	-0.0027664	-0.0014385
13.06	-0.014901	175.13	0.098223	0.0037007	-0.0024039	-0.0018509
13.062	-0.015034	175.26	0.13977	0.0034706	-0.0020414	-0.0022634
13.064	-0.015257	175.41	0.17445	0.0032406	-0.0016788	-0.0026758
13.066	-0.015528	175.57	0.20225	0.0030106	-0.0013163	-0.0030882
13.068	-0.015792	175.75	0.23005	0.0027806	-0.00095378	-0.0035006
13.07	-0.015992	175.94	0.24433	0.0024886	-0.00093253	-0.0033722
13.072	-0.016086	176.15	0.25862	0.0021967	-0.00091127	-0.0032439
13.074	-0.016051	176.37	0.26671	0.0019048	-0.00089002	-0.0031156
13.076	-0.015895	176.59	0.2686	0.0016128	-0.00086877	-0.0029872
13.078	-0.015654	176.83	0.2705	0.0013209	-0.00084751	-0.0028589
13.08	-0.015381	177.07	0.26151	0.001135	-0.0010306	-0.0024115
13.082	-0.015138	177.31	0.25252	0.00094916	-0.0012137	-0.0019641
13.084	-0.014982	177.56	0.23885	0.00076329	-0.0013968	-0.0015167
13.086	-0.014949	177.81	0.22049	0.00057742	-0.0015799	-0.0010694
13.088	-0.015047	178.06	0.20214	0.00039155	-0.0017631	-0.00062199
13.09	-0.015256	178.31	0.17574	0.00036772	-0.0017974	-0.00028495
13.092	-0.01553	178.55	0.14934	0.00034389	-0.0018317	5.2094e-05
13.094	-0.015809	178.79	0.11956	0.00032006	-0.0018661	0.00038913
13.096	-0.016032	179.02	0.086383	0.00029622	-0.0019004	0.00072617
13.098	-0.016152	179.24	0.053207	0.00027239	-0.0019348	0.0010632
13.1	-0.016147	179.45	0.014671	0.00027753	-0.0016323	0.0010811
13.102	-0.01602	179.64	-0.023864	0.00028267	-0.0013299	0.0010991
13.104	-0.015806	179.82	-0.064183	0.00028781	-0.0010274	0.001117
13.106	-0.015556	179.97	-0.10628	0.00029295	-0.00072494	0.0011349
13.108	-0.015328	180.11	-0.14839	0.00029809	-0.00042249	0.0011528
13.11	-0.015172	180.21	-0.1919	0.00019815	3.6051e-05	0.00095678
13.112	-0.01512	180.29	-0.23541	9.8207e-05	0.00049459	0.00076073
13.114	-0.01518	180.34	-0.27852	-1.7361e-06	0.00095314	0.00056469
13.116	-0.015331	180.36	-0.32123	-0.00010168	0.0014117	0.00036864
13.118	-0.015533	180.34	-0.36393	-0.00020162	0.0018702	0.00017259
13.12	-0.015735	180.28	-0.40404	-0.00035051	0.0021109	-2.0994e-05
13.122	-0.015888	180.18	-0.44415	-0.0004994	0.0023516	-0.00021458
13.124	-0.015958	180.04	-0.48255	-0.00064829	0.0025923	-0.00040817
13.126	-0.01593	179.84	-0.51925	-0.00079718	0.002833	-0.00060176
13.128	-0.015814	179.61	-0.55594	-0.00094607	0.0030737	-0.00079534
13.13	-0.01564	179.32	-0.58964	-0.00097503	0.0029068	-0.00084433
13.132	-0.015449	178.97	-0.62334	-0.001004	0.00274	-0.00089332
13.134	-0.015283	178.57	-0.65634	-0.001033	0.0025731	-0.00094231
13.136	-0.015172	178.12	-0.68865	-0.0010619	0.0024063	-0.0009913
13.138	-0.015131	177.6	-0.72095	-0.0010909	0.0022394	-0.0010403
13.14	-0.015154	177.03	-0.75417	-0.00094144	0.0018393	-0.00092488
13.142	-0.015217	176.39	-0.7874	-0.00079198	0.0014391	-0.00080947
13.144	-0.015289	175.7	-0.82226	-0.00064252	0.0010389	-0.00069406
13.146	-0.015336	174.94	-0.85875	-0.00049305	0.00063875	-0.00057866
13.148	-0.015337	174.11	-0.89525	-0.00034359	0.00023859	-0.00046325
13.15	-0.015283	173.23	-0.93677	-0.00014471	-6.1864e-05	-0.00027678
13.152	-0.015188	172.28	-0.9783	5.4163e-05	-0.00036231	-9.0309e-05
13.154	-0.015077	171.28	-1.0227	0.00025304	-0.00066276	9.6161e-05
13.156	-0.014984	170.21	-1.0701	0.00045192	-0.00096321	0.00028263
13.158	-0.014939	169.09	-1.1174	0.00065079	-0.0012637	0.0004691
13.16	-0.014963	167.91	-1.1703	0.000719	-0.0012948	0.00056541
13.162	-0.015056	166.67	-1.2233	0.0007872	-0.001326	0.00066172
13.164	-0.0152	165.39	-1.2786	0.0008554	-0.0013571	0.00075804
13.166	-0.015362	164.06	-1.3364	0.0009236	-0.0013883	0.00085435
13.168	-0.0155	162.68	-1.3941	0.0009918	-0.0014195	0.00095066
13.17	-0.01558	161.26	-1.4555	0.00086608	-0.00125	0.0008512
13.172	-0.015581	159.81	-1.5169	0.00074035	-0.0010805	0.00075173
13.174	-0.015501	158.32	-1.5797	0.00061462	-0.00091109	0.00065227
13.176	-0.015362	156.8	-1.6438	0.0004889	-0.00074163	0.0005528
13.178	-0.015204	155.26	-1.7079	0.00036317	-0.00057217	0.00045334
13.18	-0.015073	153.7	-1.7739	0.00013242	-0.00035687	0.00022784
13.182	-0.015012	152.12	-1.8399	-9.834e-05	-0.00014156	2.3422e-06
13.184	-0.015048	150.53	-1.9064	-0.0003291	7.3746e-05	-0.00022316
13.186	-0.015182	148.94	-1.9735	-0.00055986	0.00028905	-0.00044865
13.188	-0.015395	147.34	-2.0405	-0.00079061	0.00050436	-0.00067415
13.19	-0.015642	145.75	-2.1077	-0.00096971	0.00065073	-0.00083949
13.192	-0.015872	144.16	-2.1748	-0.0011488	0.00079711	-0.0010048
13.194	-0.016035	142.59	-2.2414	-0.0013279	0.00094348	-0.0011702
13.196	-0.016099	141.03	-2.3074	-0.001507	0.0010899	-0.0013355
13.198	-0.016056	139.49	-2.3734	-0.0016861	0.0012362	-0.0015008
13.2	-0.015927	137.97	-2.4371	-0.0017056	0.0012723	-0.0015207
13.202	-0.015753	136.48	-2.5007	-0.0017252	0.0013083	-0.0015406
13.204	-0.015589	135.02	-2.5626	-0.0017447	0.0013444	-0.0015605
13.206	-0.015484	133.59	-2.623	-0.0017643	0.0013804	-0.0015804
13.208	-0.01547	132.19	-2.6833	-0.0017838	0.0014164	-0.0016003
13.21	-0.01555	130.82	-2.7404	-0.0016658	0.0013754	-0.0015785
13.212	-0.015697	129.49	-2.7975	-0.0015478	0.0013344	-0.0015567
13.214	-0.015855	128.19	-2.8536	-0.0014299	0.0012934	-0.0015349
13.216	-0.015956	126.94	-2.9087	-0.0013119	0.0012524	-0.0015131
13.218	-0.015936	125.71	-2.9637	-0.0011939	0.0012114	-0.0014913
13.22	-0.015751	124.53	-3.0189	-0.0010649	0.001155	-0.0015294
13.222	-0.015394	123.37	-3.0741	-0.00093596	0.0010986	-0.0015675
13.224	-0.014895	122.25	-3.1307	-0.00080698	0.0010422	-0.0016057
13.226	-0.014317	121.16	-3.1886	-0.00067801	0.00098577	-0.0016438
13.228	-0.013748	120.1	-3.2465	-0.00054903	0.00092936	-0.0016819
13.23	-0.01327	119.07	-3.3092	-0.00049987	0.00087927	-0.0017008
13.232	-0.012949	118.05	-3.372	-0.00045071	0.00082919	-0.0017197
13.234	-0.01281	117.06	-3.4375	-0.00040156	0.00077911	-0.0017386
13.236	-0.012833	116.09	-3.5059	-0.0003524	0.00072902	-0.0017575
13.238	-0.012952	115.13	-3.5743	-0.00030324	0.00067894	-0.0017764
13.24	-0.013074	114.18	-3.6478	-0.00028482	0.00063272	-0.0016637
13.242	-0.013095	113.23	-3.7212	-0.0002664	0.00058651	-0.001551
13.244	-0.012927	112.29	-3.7962	-0.00024797	0.00054029	-0.0014382
13.246	-0.012517	111.35	-3.8728	-0.00022955	0.00049408	-0.0013255
13.248	-0.011864	110.4	-3.9494	-0.00021113	0.00044787	-0.0012127
13.25	-0.011012	109.44	-4.027	-0.00012719	0.00043907	-0.0010578
13.252	-0.010047	108.48	-4.1045	-4.3256e-05	0.00043028	-0.00090279
13.254	-0.0090679	107.49	-4.1817	4.068e-05	0.00042148	-0.00074782
13.256	-0.0081669	106.49	-4.2586	0.00012462	0.00041269	-0.00059285
13.258	-0.0074036	105.47	-4.3354	0.00020855	0.00040389	-0.00043788
13.26	-0.0067906	104.42	-4.4111	0.0003205	0.00045248	-0.00040876
13.262	-0.0062911	103.35	-4.4869	0.00043245	0.00050107	-0.00037965
13.264	-0.0058288	102.25	-4.5623	0.00054439	0.00054966	-0.00035054
13.266	-0.0053099	101.12	-4.6376	0.00065634	0.00059824	-0.00032143
13.268	-0.0046487	99.955	-4.7129	0.00076829	0.00064683	-0.00029232
13.27	-0.0037921	98.759	-4.7889	0.00076816	0.00065783	-0.00032166
13.272	-0.0027351	97.53	-4.865	0.00076804	0.00066883	-0.000351
13.274	-0.0015232	96.267	-4.9417	0.00076792	0.00067982	-0.00038034
13.276	-0.00023979	94.97	-5.0191	0.00076779	0.00069082	-0.00040968
13.278	0.0010185	93.638	-5.0965	0.00076767	0.00070182	-0.00043902
13.28	0.0021719	92.273	-5.1745	0.00065056	0.00054183	-0.00028434
13.282	0.0031859	90.875	-5.2525	0.00053345	0.00038185	-0.00012967
13.284	0.0040881	89.444	-5.3296	0.00041634	0.00022186	2.5007e-05
13.286	0.0049694	87.983	-5.4058	0.00029923	6.1872e-05	0.00017968
13.288	0.0059669	86.491	-5.4819	0.00018212	-9.8115e-05	0.00033436
13.29	0.0072305	84.973	-5.553	0.00012638	-0.00038398	0.00068634
13.292	0.0088816	83.427	-5.6242	7.0645e-05	-0.00066985	0.0010383
13.294	0.010973	81.857	-5.6914	1.4907e-05	-0.00095572	0.0013903
13.296	0.013464	80.264	-5.7547	-4.0832e-05	-0.0012416	0.0017423
13.298	0.016208	78.65	-5.8181	-9.657e-05	-0.0015275	0.0020943
13.3	0.018978	77.017	-5.873	1.4127e-05	-0.0017012	0.0023107
13.302	0.021501	75.368	-5.928	0.00012482	-0.0018749	0.0025272
13.304	0.023514	73.703	-5.9798	0.00023552	-0.0020486	0.0027436
13.306	0.024826	72.025	-6.0286	0.00034622	-0.0022223	0.00296
13.308	0.025362	70.335	-6.0774	0.00045692	-0.0023959	0.0031765
13.31	0.02519	68.636	-6.125	0.0006206	-0.0023145	0.00297
13.312	0.024516	66.928	-6.1726	0.00078427	-0.002233	0.0027636
13.314	0.023644	65.213	-6.2228	0.00094795	-0.0021515	0.0025571
13.316	0.02292	63.492	-6.2755	0.0011116	-0.00207	0.0023507
13.318	0.022656	61.766	-6.3281	0.0012753	-0.0019886	0.0021443
13.32	0.023064	60.035	-6.3913	0.0013451	-0.0018003	0.0016498
13.322	0.024202	58.301	-6.4544	0.0014149	-0.001612	0.0011553
13.324	0.02596	56.564	-6.5241	0.0014847	-0.0014237	0.00066077
13.326	0.028076	54.824	-6.6002	0.0015545	-0.0012355	0.00016627
13.328	0.030194	53.081	-6.6763	0.0016243	-0.0010472	-0.00032822
13.33	0.031934	51.335	-6.7639	0.0016032	-0.00098225	-0.00069707
13.332	0.032977	49.586	-6.8515	0.0015822	-0.00091731	-0.0010659
13.334	0.033134	47.834	-6.9423	0.0015611	-0.00085237	-0.0014348
13.336	0.032385	46.077	-7.0363	0.0015401	-0.00078744	-0.0018036
13.338	0.030886	44.316	-7.1304	0.001519	-0.0007225	-0.0021725
13.34	0.028926	42.55	-7.2242	0.0014899	-0.00077349	-0.0022105
13.342	0.026865	40.777	-7.318	0.0014608	-0.00082449	-0.0022484
13.344	0.025044	38.997	-7.4086	0.0014317	-0.00087548	-0.0022864
13.346	0.023707	37.21	-7.4961	0.0014026	-0.00092648	-0.0023244
13.348	0.022942	35.414	-7.5836	0.0013735	-0.00097747	-0.0023624
13.35	0.022656	33.608	-7.6618	0.0013713	-0.0009389	-0.0022865
13.352	0.022601	31.792	-7.74	0.0013692	-0.00090032	-0.0022105
13.354	0.022426	29.965	-7.8142	0.001367	-0.00086174	-0.0021345
13.356	0.021765	28.126	-7.8843	0.0013648	-0.00082317	-0.0020586
13.358	0.020325	26.275	-7.9543	0.0013627	-0.00078459	-0.0019826
13.36	0.01796	24.411	-8.0208	0.001392	-0.00058025	-0.0020725
13.362	0.014713	22.533	-8.0872	0.0014213	-0.0003759	-0.0021625
13.364	0.010818	20.642	-8.1547	0.0014506	-0.00017156	-0.0022524
13.366	0.0066495	18.737	-8.2234	0.0014799	3.279e-05	-0.0023423
13.368	0.0026525	16.819	-8.2921	0.0015092	0.00023714	-0.0024322
13.37	-0.00075553	14.887	-8.3676	0.0016058	0.00040233	-0.0025461
13.372	-0.0032696	12.941	-8.4431	0.0017024	0.00056753	-0.0026601
13.374	-0.0047591	10.983	-8.5226	0.001799	0.00073273	-0.002774
13.376	-0.0052896	9.0122	-8.6061	0.0018955	0.00089793	-0.002888
13.378	-0.0051001	7.0299	-8.6896	0.0019921	0.0010631	-0.0030019
13.38	-0.0045415	5.0361	-8.7778	0.0021753	0.00092683	-0.0026865
13.382	-0.0039932	3.0326	-8.8661	0.0023585	0.00079052	-0.0023711
13.384	-0.0037748	1.0194	-8.9534	0.0025417	0.00065422	-0.0020557
13.386	-0.0040768	-1.0014	-9.0396	0.0027249	0.00051791	-0.0017403
13.388	-0.0049243	-3.0299	-9.1259	0.0029081	0.00038161	-0.0014249
13.39	-0.0061838	-5.0637	-9.2024	0.0030784	-4.7816e-05	-0.00059419
13.392	-0.0076081	-7.1028	-9.2789	0.0032487	-0.00047724	0.0002365
13.394	-0.0089078	-9.1448	-9.3473	0.0034191	-0.00090666	0.0010672
13.396	-0.0098308	-11.19	-9.4076	0.0035894	-0.0013361	0.0018979
13.398	-0.010229	-13.235	-9.468	0.0037598	-0.0017655	0.0027286
13.4	-0.010093	-15.281	-9.5096	0.0037264	-0.0021728	0.0034823
13.402	-0.0095532	-17.326	-9.5513	0.0036931	-0.0025801	0.0042359
13.404	-0.008833	-19.368	-9.5847	0.0036598	-0.0029873	0.0049896
13.406	-0.0081844	-21.407	-9.6098	0.0036265	-0.0033946	0.0057432
13.408	-0.00781	-23.442	-9.635	0.0035932	-0.0038019	0.0064969
13.41	-0.0078	-25.472	-9.6495	0.0032742	-0.0038829	0.006519
13.412	-0.0081007	-27.495	-9.664	0.0029552	-0.0039638	0.006541
13.414	-0.0085251	-29.513	-9.677	0.0026363	-0.0040448	0.0065631
13.416	-0.0088041	-31.523	-9.6887	0.0023173	-0.0041258	0.0065851
13.418	-0.0086669	-33.525	-9.7003	0.0019984	-0.0042068	0.0066072
13.42	-0.0079299	-35.519	-9.7161	0.001562	-0.0039645	0.0059543
13.422	-0.0065683	-37.505	-9.7319	0.0011255	-0.0037221	0.0053014
13.424	-0.0047477	-39.482	-9.752	0.00068911	-0.0034797	0.0046485
13.426	-0.0028053	-41.45	-9.7764	0.00025269	-0.0032374	0.0039956
13.428	-0.0011758	-43.409	-9.8008	-0.00018373	-0.002995	0.0033428
13.43	-0.00027902	-45.359	-9.8346	-0.00045661	-0.0026742	0.0026751
13.432	-0.00039143	-47.3	-9.8684	-0.00072948	-0.0023533	0.0020075
13.434	-0.0015366	-49.232	-9.9057	-0.0010024	-0.0020325	0.0013399
13.436	-0.003423	-51.156	-9.9466	-0.0012752	-0.0017116	0.00067224
13.438	-0.0054531	-53.071	-9.9874	-0.0015481	-0.0013908	4.6142e-06
13.44	-0.0068106	-54.978	-10.031	-0.0015339	-0.001199	-0.0002052
13.442	-0.0066155	-56.876	-10.075	-0.0015197	-0.0010072	-0.000415
13.444	-0.00412	-58.767	-10.118	-0.0015055	-0.00081541	-0.00062481
13.446	0.001094	-60.65	-10.16	-0.0014913	-0.00062361	-0.00083462
13.448	0.0089607	-62.525	-10.202	-0.0014771	-0.00043181	-0.0010444
13.45	0.018856	-64.392	-10.239	-0.0012952	-0.0003937	-0.00093499
13.452	0.02963	-66.253	-10.276	-0.0011133	-0.0003556	-0.00082554
13.454	0.039748	-68.106	-10.309	-0.00093143	-0.00031749	-0.0007161
13.456	0.04752	-69.951	-10.339	-0.00074953	-0.00027939	-0.00060665
13.458	0.051382	-71.79	-10.369	-0.00056764	-0.00024128	-0.0004972
13.46	0.050181	-73.621	-10.391	-0.00043238	-0.00025237	-0.0004651
13.462	0.043402	-75.445	-10.413	-0.00029711	-0.00026346	-0.00043299
13.464	0.031296	-77.262	-10.432	-0.00016184	-0.00027455	-0.00040089
13.466	0.01488	-79.071	-10.447	-2.6576e-05	-0.00028564	-0.00036879
13.468	-0.004198	-80.872	-10.461	0.00010869	-0.00029673	-0.00033668
13.47	-0.023897	-82.665	-10.469	7.3085e-05	-0.00024762	-0.0005009
13.472	-0.042102	-84.451	-10.477	3.7479e-05	-0.0001985	-0.00066511
13.474	-0.056942	-86.228	-10.482	1.8737e-06	-0.00014938	-0.00082933
13.476	-0.067075	-87.997	-10.483	-3.3732e-05	-0.00010027	-0.00099355
13.478	-0.071869	-89.757	-10.485	-6.9337e-05	-5.1148e-05	-0.0011578
13.48	-0.071461	-91.508	-10.482	-0.0002259	6.1177e-05	-0.0013
13.482	-0.066687	-93.25	-10.478	-0.00038247	0.0001735	-0.0014422
13.484	-0.058895	-94.983	-10.472	-0.00053904	0.00028583	-0.0015845
13.486	-0.049683	-96.707	-10.464	-0.0006956	0.00039815	-0.0017267
13.488	-0.040621	-98.421	-10.457	-0.00085217	0.00051048	-0.0018689
13.49	-0.032992	-100.13	-10.446	-0.0009517	0.00056811	-0.0018071
13.492	-0.027621	-101.82	-10.436	-0.0010512	0.00062574	-0.0017453
13.494	-0.024792	-103.51	-10.426	-0.0011508	0.00068337	-0.0016835
13.496	-0.024277	-105.19	-10.415	-0.0012503	0.000741	-0.0016217
13.498	-0.02546	-106.86	-10.405	-0.0013498	0.00079863	-0.0015599
13.5	-0.027515	-108.52	-10.396	-0.001257	0.00069721	-0.0014086
13.502	-0.029605	-110.17	-10.388	-0.0011641	0.0005958	-0.0012574
13.504	-0.031054	-111.82	-10.381	-0.0010712	0.00049439	-0.0011062
13.506	-0.031465	-113.46	-10.375	-0.00097829	0.00039298	-0.00095494
13.508	-0.030769	-115.09	-10.37	-0.00088541	0.00029156	-0.00080371
13.51	-0.029185	-116.72	-10.368	-0.00069177	9.022e-05	-0.00079797
13.512	-0.027137	-118.34	-10.366	-0.00049814	-0.00011112	-0.00079223
13.514	-0.025125	-119.96	-10.366	-0.0003045	-0.00031247	-0.0007865
13.516	-0.023597	-121.57	-10.368	-0.00011087	-0.00051381	-0.00078076
13.518	-0.02285	-123.18	-10.369	8.2766e-05	-0.00071515	-0.00077502
13.52	-0.022975	-124.79	-10.373	9.3531e-05	-0.00082827	-0.00093184
13.522	-0.023854	-126.4	-10.377	0.00010429	-0.00094138	-0.0010887
13.524	-0.025208	-128	-10.382	0.00011506	-0.0010545	-0.0012455
13.526	-0.02668	-129.61	-10.388	0.00012582	-0.0011676	-0.0014023
13.528	-0.027922	-131.21	-10.394	0.00013659	-0.0012807	-0.0015591
13.53	-0.028678	-132.82	-10.402	-0.00018989	-0.0011765	-0.0016574
13.532	-0.028835	-134.42	-10.411	-0.00051637	-0.0010723	-0.0017557
13.534	-0.028431	-136.03	-10.421	-0.00084286	-0.00096815	-0.001854
13.536	-0.027634	-137.64	-10.433	-0.0011693	-0.00086396	-0.0019523
13.538	-0.026684	-139.25	-10.445	-0.0014958	-0.00075976	-0.0020506
13.54	-0.025828	-140.86	-10.464	-0.001932	-0.00047118	-0.0019479
13.542	-0.02526	-142.48	-10.482	-0.0023682	-0.0001826	-0.0018451
13.544	-0.025071	-144.09	-10.505	-0.0028044	0.00010598	-0.0017424
13.546	-0.025246	-145.71	-10.531	-0.0032406	0.00039455	-0.0016396
13.548	-0.025667	-147.33	-10.558	-0.0036767	0.00068313	-0.0015369
13.55	-0.026159	-148.94	-10.594	-0.0038149	0.0010196	-0.0013522
13.552	-0.026539	-150.56	-10.63	-0.0039531	0.0013561	-0.0011675
13.554	-0.026663	-152.18	-10.67	-0.0040912	0.0016926	-0.00098288
13.556	-0.026462	-153.8	-10.715	-0.0042294	0.0020291	-0.00079823
13.558	-0.025955	-155.41	-10.76	-0.0043676	0.0023656	-0.00061357
13.56	-0.025239	-157.02	-10.813	-0.004072	0.0025695	-0.00052008
13.562	-0.024461	-158.63	-10.866	-0.0037764	0.0027735	-0.0004266
13.564	-0.023775	-160.23	-10.922	-0.0034809	0.0029774	-0.00033311
13.566	-0.023301	-161.83	-10.981	-0.0031853	0.0031813	-0.00023963
13.568	-0.023103	-163.43	-11.04	-0.0028898	0.0033852	-0.00014614
13.57	-0.023166	-165.02	-11.105	-0.0024298	0.0032775	-0.00012473
13.572	-0.023412	-166.6	-11.17	-0.0019698	0.0031697	-0.00010331
13.574	-0.023718	-168.18	-11.238	-0.0015098	0.0030619	-8.1897e-05
13.576	-0.023955	-169.75	-11.309	-0.0010498	0.0029541	-6.0483e-05
13.578	-0.024015	-171.32	-11.379	-0.00058981	0.0028463	-3.9069e-05
13.58	-0.023841	-172.88	-11.458	-0.00031737	0.0024126	1.3176e-05
13.582	-0.023435	-174.43	-11.537	-4.4936e-05	0.0019788	6.5422e-05
13.584	-0.022856	-175.98	-11.621	0.0002275	0.001545	0.00011767
13.586	-0.022198	-177.52	-11.709	0.00049994	0.0011112	0.00016991
13.588	-0.021561	-179.06	-11.798	0.00077237	0.00067747	0.00022216
13.59	-0.021027	-180.59	-11.897	0.00076857	0.00018495	0.00024237
13.592	-0.020635	-182.13	-11.996	0.00076476	-0.00030758	0.00026259
13.594	-0.020375	-183.66	-12.1	0.00076096	-0.0008001	0.00028281
13.596	-0.020189	-185.19	-12.207	0.00075715	-0.0012926	0.00030302
13.598	-0.019994	-186.73	-12.314	0.00075335	-0.0017851	0.00032324
13.6	-0.019701	-188.26	-12.421	0.00063294	-0.0019934	0.00014842
13.602	-0.019243	-189.81	-12.529	0.00051253	-0.0022016	-2.6393e-05
13.604	-0.018595	-191.36	-12.632	0.00039211	-0.0024098	-0.00020121
13.606	-0.017777	-192.91	-12.73	0.0002717	-0.0026181	-0.00037602
13.608	-0.016849	-194.48	-12.828	0.00015129	-0.0028263	-0.00055084
13.61	-0.015897	-196.06	-12.901	4.9516e-05	-0.0026488	-0.00087761
13.612	-0.015006	-197.65	-12.975	-5.226e-05	-0.0024714	-0.0012044
13.614	-0.014235	-199.25	-13.029	-0.00015404	-0.0022939	-0.0015312
13.616	-0.013603	-200.87	-13.065	-0.00025581	-0.0021164	-0.0018579
13.618	-0.013079	-202.5	-13.1	-0.00035759	-0.001939	-0.0021847
13.62	-0.012592	-204.15	-13.086	-0.00047528	-0.001536	-0.0023529
13.622	-0.012043	-205.81	-13.071	-0.00059298	-0.0011331	-0.002521
13.624	-0.011336	-207.49	-13.029	-0.00071067	-0.00073013	-0.0026892
13.626	-0.010396	-209.18	-12.958	-0.00082836	-0.00032718	-0.0028574
13.628	-0.009196	-210.89	-12.887	-0.00094606	7.5766e-05	-0.0030256
13.63	-0.0077603	-212.6	-12.758	-0.0011565	0.0004911	-0.0027652
13.632	-0.0061626	-214.33	-12.629	-0.001367	0.00090642	-0.0025048
13.634	-0.0045102	-216.05	-12.472	-0.0015775	0.0013218	-0.0022444
13.636	-0.0029192	-217.79	-12.289	-0.001788	0.0017371	-0.001984
13.638	-0.0014882	-219.52	-12.105	-0.0019985	0.0021524	-0.0017237
13.64	-0.00027648	-221.24	-11.873	-0.0022598	0.002443	-0.0011015
13.642	0.00070956	-222.95	-11.642	-0.0025212	0.0027336	-0.00047926
13.644	0.0015166	-224.65	-11.39	-0.0027825	0.0030242	0.00014294
13.646	0.0022329	-226.32	-11.119	-0.0030439	0.0033147	0.00076515
13.648	0.0029677	-227.96	-10.847	-0.0033052	0.0036053	0.0013873
13.65	0.0038257	-229.56	-10.542	-0.0034846	0.0037381	0.002005
13.652	0.0048845	-231.11	-10.237	-0.0036639	0.0038709	0.0026226
13.654	0.0061786	-232.61	-9.9178	-0.0038432	0.0040036	0.0032403
13.656	0.0076944	-234.05	-9.5839	-0.0040225	0.0041364	0.0038579
13.658	0.0093762	-235.41	-9.25	-0.0042018	0.0042691	0.0044756
13.66	0.011143	-236.69	-8.8894	-0.0042191	0.004312	0.0047251
13.662	0.012908	-237.88	-8.5288	-0.0042364	0.0043548	0.0049746
13.664	0.014602	-238.97	-8.1554	-0.0042537	0.0043976	0.0052242
13.666	0.016186	-239.93	-7.7691	-0.0042709	0.0044404	0.0054737
13.668	0.017662	-240.79	-7.3829	-0.0042882	0.0044832	0.0057232
13.67	0.019067	-241.5	-6.9725	-0.004195	0.0044903	0.0055295
13.672	0.020462	-242.07	-6.562	-0.0041019	0.0044974	0.0053358
13.674	0.021915	-242.49	-6.141	-0.0040087	0.0045045	0.005142
13.676	0.023481	-242.75	-5.7094	-0.0039155	0.0045116	0.0049483
13.678	0.025192	-242.83	-5.2778	-0.0038224	0.0045187	0.0047546
13.68	0.027046	-242.74	-4.8305	-0.0037215	0.0043884	0.0043561
13.682	0.02901	-242.45	-4.3832	-0.0036207	0.0042581	0.0039576
13.684	0.03103	-241.97	-3.9319	-0.0035198	0.0041278	0.0035591
13.686	0.033049	-241.28	-3.4765	-0.0034189	0.0039974	0.0031606
13.688	0.035017	-240.39	-3.0212	-0.0033181	0.0038671	0.0027621
13.69	0.03691	-239.28	-2.5668	-0.003169	0.003455	0.0024424
13.692	0.038731	-237.95	-2.1124	-0.0030199	0.0030429	0.0021226
13.694	0.040514	-236.4	-1.663	-0.0028709	0.0026308	0.0018028
13.696	0.042308	-234.62	-1.2186	-0.0027218	0.0022187	0.001483
13.698	0.044167	-232.62	-0.77412	-0.0025727	0.0018066	0.0011633
13.7	0.046131	-230.38	-0.34731	-0.0021345	0.0012187	0.00095015
13.702	0.048215	-227.92	0.079492	-0.0016962	0.0006307	0.00073703
13.704	0.050402	-225.23	0.49459	-0.001258	4.275e-05	0.00052392
13.706	0.052645	-222.32	0.89798	-0.00081972	-0.0005452	0.0003108
13.708	0.054875	-219.18	1.3014	-0.00038146	-0.0011332	9.7687e-05
13.71	0.057018	-215.83	1.6776	0.00048546	-0.0015426	-0.00019813
13.712	0.059016	-212.27	2.0539	0.0013524	-0.0019521	-0.00049395
13.714	0.060834	-208.5	2.4155	0.0022193	-0.0023615	-0.00078977
13.716	0.062477	-204.53	2.7625	0.0030862	-0.002771	-0.0010856
13.718	0.063983	-200.37	3.1095	0.0039532	-0.0031804	-0.0013814
13.72	0.065422	-196.02	3.426	0.0049117	-0.003201	-0.0017872
13.722	0.066874	-191.51	3.7424	0.0058703	-0.0032216	-0.002193
13.724	0.068412	-186.82	4.043	0.0068288	-0.0032421	-0.0025988
13.726	0.070088	-181.99	4.3278	0.0077874	-0.0032627	-0.0030046
13.728	0.071913	-177.01	4.6126	0.008746	-0.0032833	-0.0034103
13.73	0.073859	-171.9	4.8643	0.0091361	-0.0030899	-0.0036005
13.732	0.075857	-166.67	5.1161	0.0095262	-0.0028964	-0.0037907
13.734	0.077818	-161.33	5.3506	0.0099163	-0.002703	-0.0039809
13.736	0.079644	-155.89	5.5679	0.010306	-0.0025095	-0.0041711
13.738	0.081254	-150.37	5.7852	0.010697	-0.0023161	-0.0043613
13.74	0.082593	-144.76	5.9669	0.010213	-0.0021997	-0.0040363
13.742	0.083651	-139.11	6.1486	0.0097287	-0.0020834	-0.0037113
13.744	0.084453	-133.39	6.3124	0.0092447	-0.001967	-0.0033862
13.746	0.08506	-127.64	6.4582	0.0087608	-0.0018507	-0.0030612
13.748	0.085548	-121.85	6.604	0.0082768	-0.0017343	-0.0027362
13.75	0.085991	-116.05	6.715	0.007346	-0.0017181	-0.0020978
13.752	0.086445	-110.23	6.8259	0.0064151	-0.0017019	-0.0014593
13.754	0.086932	-104.41	6.9206	0.0054843	-0.0016857	-0.00082081
13.756	0.087439	-98.6	6.999	0.0045535	-0.0016695	-0.00018234
13.758	0.087919	-92.807	7.0773	0.0036226	-0.0016533	0.00045613
13.76	0.088303	-87.032	7.1265	0.0029391	-0.0015199	0.00086777
13.762	0.088516	-81.29	7.1756	0.0022556	-0.0013866	0.0012794
13.764	0.088495	-75.581	7.212	0.001572	-0.0012533	0.001691
13.766	0.088204	-69.914	7.2357	0.00088849	-0.0011199	0.0021027
13.768	0.087639	-64.291	7.2593	0.00020496	-0.00098659	0.0025143
13.77	0.086832	-58.719	7.2609	-4.1498e-06	-0.00060538	0.0024427
13.772	0.085841	-53.199	7.2626	-0.00021326	-0.00022416	0.0023711
13.774	0.084738	-47.735	7.2545	-0.00042237	0.00015706	0.0022995
13.776	0.083593	-42.329	7.2368	-0.00063148	0.00053827	0.0022279
13.778	0.082456	-36.983	7.219	-0.00084059	0.00091949	0.0021563
13.78	0.081345	-31.698	7.1835	-0.00089938	0.0014299	0.0018514
13.782	0.080246	-26.476	7.1481	-0.00095816	0.0019403	0.0015465
13.784	0.079111	-21.316	7.1041	-0.0010169	0.0024508	0.0012417
13.786	0.07787	-16.218	7.0516	-0.0010757	0.0029612	0.00093682
13.788	0.076446	-11.183	6.9992	-0.0011345	0.0034716	0.00063196
13.79	0.07477	-6.2097	6.9301	-0.0013512	0.0038583	0.00045189
13.792	0.072794	-1.2978	6.861	-0.0015679	0.004245	0.00027182
13.794	0.070504	3.554	6.784	-0.0017846	0.0046317	9.1746e-05
13.796	0.067919	8.3458	6.6989	-0.0020013	0.0050184	-8.8324e-05
13.798	0.065088	13.079	6.6138	-0.002218	0.0054051	-0.00026839
13.8	0.062082	17.755	6.5141	-0.002478	0.0054658	-0.00025329
13.802	0.058978	22.374	6.4144	-0.0027379	0.0055265	-0.00023819
13.804	0.055849	26.937	6.3085	-0.0029979	0.0055873	-0.00022308
13.806	0.052749	31.446	6.1964	-0.0032579	0.005648	-0.00020798
13.808	0.04971	35.899	6.0844	-0.0035179	0.0057087	-0.00019287
13.81	0.046739	40.298	5.9631	-0.0035016	0.0054145	-0.00015851
13.812	0.043822	44.644	5.8418	-0.0034853	0.0051203	-0.00012415
13.814	0.040933	48.936	5.7178	-0.0034691	0.0048261	-8.9791e-05
13.816	0.038044	53.174	5.5909	-0.0034528	0.004532	-5.5431e-05
13.818	0.035134	57.358	5.464	-0.0034365	0.0042378	-2.107e-05
13.82	0.032195	61.487	5.3351	-0.0030789	0.0037562	-0.00011326
13.822	0.029236	65.561	5.2062	-0.0027214	0.0032747	-0.00020545
13.824	0.026283	69.578	5.0778	-0.0023638	0.0027931	-0.00029763
13.826	0.023369	73.538	4.9498	-0.0020062	0.0023116	-0.00038982
13.828	0.020531	77.44	4.8218	-0.0016487	0.00183	-0.00048201
13.83	0.017802	81.281	4.697	-0.0012367	0.0014087	-0.00065616
13.832	0.015201	85.062	4.5722	-0.00082482	0.0009873	-0.00083032
13.834	0.012736	88.78	4.4497	-0.0004129	0.00056592	-0.0010045
13.836	0.010397	92.434	4.3296	-9.7942e-07	0.00014455	-0.0011786
13.838	0.0081656	96.021	4.2095	0.00041094	-0.00027682	-0.0013528
13.84	0.006016	99.542	4.0953	0.00057607	-0.00048254	-0.0014497
13.842	0.0039243	102.99	3.9811	0.0007412	-0.00068825	-0.0015467
13.844	0.0018732	106.38	3.8704	0.00090633	-0.00089396	-0.0016436
13.846	-0.00014327	109.69	3.7632	0.0010715	-0.0010997	-0.0017406
13.848	-0.0021192	112.92	3.656	0.0012366	-0.0013054	-0.0018376
13.85	-0.0040384	116.09	3.5571	0.0011457	-0.00129	-0.001782
13.852	-0.0058777	119.18	3.4583	0.0010547	-0.0012747	-0.0017264
13.854	-0.0076127	122.2	3.3643	0.00096381	-0.0012593	-0.0016709
13.856	-0.0092228	125.14	3.2751	0.00087288	-0.0012439	-0.0016153
13.858	-0.010695	128	3.1859	0.00078195	-0.0012285	-0.0015598
13.86	-0.012027	130.8	3.1074	0.00062683	-0.0010864	-0.0014458
13.862	-0.013227	133.51	3.0289	0.0004717	-0.00094426	-0.0013317
13.864	-0.014308	136.16	2.9555	0.00031657	-0.00080212	-0.0012177
13.866	-0.015292	138.73	2.8874	0.00016145	-0.00065999	-0.0011037
13.868	-0.016199	141.22	2.8193	6.3187e-06	-0.00051785	-0.00098971
13.87	-0.017048	143.65	2.7598	-0.00010629	-0.00040708	-0.00094438
13.872	-0.017851	146.01	2.7002	-0.0002189	-0.00029632	-0.00089904
13.874	-0.018618	148.3	2.643	-0.00033151	-0.00018556	-0.00085371
13.876	-0.019355	150.53	2.588	-0.00044412	-7.4794e-05	-0.00080837
13.878	-0.020064	152.69	2.5331	-0.00055672	3.597e-05	-0.00076304
13.88	-0.020748	154.79	2.4771	-0.00066122	-4.6416e-05	-0.0007745
13.882	-0.021411	156.83	2.4212	-0.00076571	-0.0001288	-0.00078597
13.884	-0.022058	158.81	2.3615	-0.0008702	-0.00021119	-0.00079743
13.886	-0.022694	160.74	2.2981	-0.00097469	-0.00029357	-0.0008089
13.888	-0.023324	162.61	2.2347	-0.0010792	-0.00037596	-0.00082036
13.89	-0.023945	164.44	2.1577	-0.0011607	-0.00067661	-0.00075153
13.892	-0.024552	166.21	2.0808	-0.0012422	-0.00097725	-0.0006827
13.894	-0.025129	167.93	1.9949	-0.0013237	-0.0012779	-0.00061387
13.896	-0.025654	169.61	1.9	-0.0014052	-0.0015785	-0.00054504
13.898	-0.026101	171.24	1.8052	-0.0014867	-0.0018792	-0.00047621
13.9	-0.026446	172.83	1.6906	-0.0014014	-0.0022445	-0.00021796
13.902	-0.026666	174.38	1.576	-0.0013161	-0.0026098	4.0283e-05
13.904	-0.026752	175.88	1.4521	-0.0012309	-0.0029751	0.00029853
13.906	-0.026704	177.34	1.3187	-0.0011456	-0.0033404	0.00055678
13.908	-0.026538	178.76	1.1854	-0.0010604	-0.0037057	0.00081502
13.91	-0.026283	180.13	1.0365	-0.00073029	-0.0039683	0.0012249
13.912	-0.025975	181.46	0.88759	-0.00040022	-0.004231	0.0016348
13.914	-0.025655	182.75	0.73312	-7.0158e-05	-0.0044936	0.0020446
13.916	-0.025356	183.99	0.57307	0.00025991	-0.0047562	0.0024545
13.918	-0.025103	185.19	0.41302	0.00058997	-0.0050189	0.0028644
13.92	-0.024906	186.34	0.24616	0.0009729	-0.0051276	0.0032326
13.922	-0.024758	187.43	0.079303	0.0013558	-0.0052363	0.0036007
13.924	-0.024641	188.48	-0.089253	0.0017388	-0.005345	0.0039689
13.926	-0.024523	189.47	-0.25951	0.0021217	-0.0054537	0.004337
13.928	-0.024374	190.41	-0.42976	0.0025046	-0.0055624	0.0047052
13.93	-0.024167	191.28	-0.60122	0.0026095	-0.0055021	0.0048007
13.932	-0.023887	192.1	-0.77267	0.0027144	-0.0054419	0.0048962
13.934	-0.023534	192.85	-0.94401	0.0028194	-0.0053816	0.0049918
13.936	-0.023125	193.54	-1.1152	0.0029243	-0.0053213	0.0050873
13.938	-0.022689	194.16	-1.2865	0.0030292	-0.0052611	0.0051828
13.94	-0.022263	194.71	-1.4559	0.0027709	-0.0049813	0.0049274
13.942	-0.021883	195.19	-1.6253	0.0025126	-0.0047015	0.004672
13.944	-0.021579	195.59	-1.7926	0.0022543	-0.0044217	0.0044166
13.946	-0.021363	195.92	-1.9577	0.001996	-0.0041419	0.0041612
13.948	-0.02123	196.17	-2.1227	0.0017377	-0.0038621	0.0039058
13.95	-0.021156	196.35	-2.2793	0.0014082	-0.0033829	0.0034484
13.952	-0.021104	196.44	-2.4358	0.0010786	-0.0029037	0.0029909
13.954	-0.021027	196.46	-2.5854	0.00074908	-0.0024244	0.0025335
13.956	-0.020881	196.4	-2.7279	0.00041954	-0.0019452	0.0020761
13.958	-0.020634	196.26	-2.8705	8.999e-05	-0.001466	0.0016186
13.96	-0.020269	196.04	-2.9932	1.0261e-05	-0.00097129	0.0011908
13.962	-0.01979	195.75	-3.116	-6.9468e-05	-0.00047661	0.00076302
13.964	-0.019223	195.38	-3.2266	-0.0001492	1.8075e-05	0.00033521
13.966	-0.018609	194.95	-3.325	-0.00022893	0.00051276	-9.2592e-05
13.968	-0.017997	194.44	-3.4233	-0.00030866	0.0010074	-0.0005204
13.97	-0.017437	193.86	-3.495	-0.00015835	0.0012694	-0.00078979
13.972	-0.016968	193.22	-3.5667	-8.0383e-06	0.0015314	-0.0010592
13.974	-0.016612	192.52	-3.6256	0.00014227	0.0017934	-0.0013286
13.976	-0.016371	191.77	-3.6716	0.00029258	0.0020554	-0.0015979
13.978	-0.016225	190.96	-3.7175	0.00044289	0.0023174	-0.0018673
13.98	-0.016141	190.11	-3.7417	0.00054744	0.0022387	-0.0019739
13.982	-0.016076	189.21	-3.7659	0.000652	0.0021601	-0.0020804
13.984	-0.015988	188.28	-3.7822	0.00075656	0.0020814	-0.002187
13.986	-0.015847	187.31	-3.7904	0.00086111	0.0020027	-0.0022936
13.988	-0.015636	186.32	-3.7987	0.00096567	0.001924	-0.0024001
13.99	-0.015358	185.3	-3.7972	0.00085083	0.0016538	-0.0023773
13.992	-0.015035	184.27	-3.7957	0.00073599	0.0013837	-0.0023545
13.994	-0.014704	183.23	-3.7919	0.00062115	0.0011135	-0.0023316
13.996	-0.014407	182.17	-3.7857	0.00050631	0.00084336	-0.0023088
13.998	-0.014186	181.12	-3.7796	0.00039147	0.0005732	-0.002286
14	-0.01407	180.07	-3.7716	0.00013765	0.00039907	-0.0021619
14.002	-0.014076	179.03	-3.7636	-0.00011616	0.00022493	-0.0020379
14.004	-0.0142	178	-3.7549	-0.00036998	5.0798e-05	-0.0019138
14.006	-0.01442	176.99	-3.7457	-0.00062379	-0.00012334	-0.0017898
14.008	-0.0147	176	-3.7364	-0.00087761	-0.00029747	-0.0016657
14.01	-0.014997	175.03	-3.7249	-0.0011024	-0.00024523	-0.0014665
14.012	-0.015265	174.09	-3.7135	-0.0013271	-0.00019299	-0.0012672
14.014	-0.015467	173.19	-3.7002	-0.0015518	-0.00014075	-0.001068
14.016	-0.015578	172.31	-3.6851	-0.0017766	-8.8505e-05	-0.00086875
14.018	-0.015587	171.47	-3.67	-0.0020013	-3.6265e-05	-0.00066951
14.02	-0.015499	170.67	-3.6505	-0.0021383	9.466e-05	-0.0004255
14.022	-0.015334	169.9	-3.631	-0.0022752	0.00022558	-0.0001815
14.024	-0.015119	169.18	-3.6095	-0.0024121	0.00035651	6.2511e-05
14.026	-0.014885	168.5	-3.5859	-0.002549	0.00048743	0.00030652
14.028	-0.014661	167.85	-3.5623	-0.0026859	0.00061836	0.00055052
14.03	-0.014472	167.25	-3.5358	-0.0027498	0.00063697	0.0007711
14.032	-0.014334	166.69	-3.5094	-0.0028137	0.00065559	0.00099168
14.034	-0.014255	166.17	-3.4821	-0.0028776	0.00067421	0.0012123
14.036	-0.014232	165.69	-3.4542	-0.0029415	0.00069282	0.0014328
14.038	-0.014259	165.24	-3.4262	-0.0030054	0.00071144	0.0016534
14.04	-0.014325	164.83	-3.3972	-0.002925	0.00062061	0.0017305
14.042	-0.014417	164.46	-3.3682	-0.0028447	0.00052979	0.0018076
14.044	-0.014522	164.12	-3.3383	-0.0027643	0.00043896	0.0018847
14.046	-0.014628	163.82	-3.3074	-0.002684	0.00034813	0.0019618
14.048	-0.014726	163.54	-3.2765	-0.0026036	0.0002573	0.0020389
14.05	-0.014808	163.29	-3.2415	-0.0022743	0.00017335	0.0019035
14.052	-0.014867	163.07	-3.2065	-0.001945	8.94e-05	0.0017681
14.054	-0.014897	162.87	-3.1679	-0.0016157	5.4479e-06	0.0016327
14.056	-0.014894	162.69	-3.1258	-0.0012864	-7.8504e-05	0.0014973
14.058	-0.014855	162.53	-3.0837	-0.00095714	-0.00016246	0.0013619
14.06	-0.014779	162.39	-3.0323	-0.00049911	-0.00017895	0.0011169
14.062	-0.014669	162.26	-2.9808	-4.1073e-05	-0.00019544	0.00087186
14.064	-0.014531	162.15	-2.9242	0.00041696	-0.00021193	0.00062685
14.066	-0.014374	162.05	-2.8625	0.000875	-0.00022842	0.00038183
14.068	-0.014211	161.96	-2.8009	0.001333	-0.00024492	0.00013682
14.07	-0.014059	161.88	-2.7304	0.0015621	-0.00018985	-2.0442e-05
14.072	-0.013935	161.81	-2.6599	0.0017911	-0.00013479	-0.00017771
14.074	-0.013855	161.75	-2.5865	0.0020202	-7.9723e-05	-0.00033497
14.076	-0.013835	161.69	-2.5104	0.0022492	-2.4659e-05	-0.00049224
14.078	-0.013882	161.63	-2.4343	0.0024782	3.0404e-05	-0.0006495
14.08	-0.014001	161.58	-2.3567	0.0022861	0.00012443	-0.00064273
14.082	-0.014184	161.54	-2.2792	0.002094	0.00021845	-0.00063596
14.084	-0.014419	161.49	-2.2029	0.0019019	0.00031247	-0.00062919
14.086	-0.014685	161.45	-2.1279	0.0017098	0.00040649	-0.00062242
14.088	-0.014955	161.41	-2.0529	0.0015177	0.00050051	-0.00061566
14.09	-0.015198	161.37	-1.9833	0.0011717	0.00052552	-0.00054633
14.092	-0.015386	161.34	-1.9138	0.00082567	0.00055053	-0.000477
14.094	-0.015495	161.3	-1.8477	0.00047967	0.00057553	-0.00040768
14.096	-0.015512	161.27	-1.7851	0.00013366	0.00060054	-0.00033835
14.098	-0.015435	161.24	-1.7225	-0.00021234	0.00062555	-0.00026903
14.1	-0.015278	161.21	-1.6674	-0.00028785	0.0004967	-0.00026124
14.102	-0.01507	161.19	-1.6123	-0.00036335	0.00036786	-0.00025345
14.104	-0.014849	161.16	-1.5612	-0.00043886	0.00023901	-0.00024567
14.106	-0.014661	161.14	-1.5141	-0.00051437	0.00011016	-0.00023788
14.108	-0.014552	161.12	-1.467	-0.00058988	-1.8686e-05	-0.0002301
14.11	-0.014555	161.1	-1.4291	-0.00035727	-0.00018832	-0.0003056
14.112	-0.014691	161.08	-1.3912	-0.00012466	-0.00035796	-0.0003811
14.114	-0.014957	161.06	-1.3589	0.00010795	-0.0005276	-0.00045661
14.116	-0.01533	161.04	-1.3322	0.00034056	-0.00069724	-0.00053211
14.118	-0.015762	161.03	-1.3055	0.00057317	-0.00086688	-0.00060762
14.12	-0.016196	161.01	-1.2926	0.00073108	-0.00085952	-0.00070298
14.122	-0.016569	160.99	-1.2796	0.00088899	-0.00085215	-0.00079834
14.124	-0.016825	160.98	-1.2744	0.0010469	-0.00084479	-0.0008937
14.126	-0.016928	160.96	-1.277	0.0012048	-0.00083742	-0.00098906
14.128	-0.016866	160.94	-1.2795	0.0013627	-0.00083006	-0.0010844
14.13	-0.016659	160.91	-1.2973	0.0011815	-0.00064327	-0.0011093
14.132	-0.016354	160.88	-1.315	0.0010002	-0.00045648	-0.0011341
14.134	-0.016017	160.84	-1.3387	0.00081898	-0.00026969	-0.001159
14.136	-0.015723	160.8	-1.3685	0.00063773	-8.2903e-05	-0.0011839
14.138	-0.015537	160.75	-1.3982	0.00045648	0.00010389	-0.0012087
14.14	-0.015507	160.69	-1.4344	0.0001622	0.00019261	-0.0011099
14.142	-0.015646	160.62	-1.4706	-0.00013208	0.00028134	-0.0010111
14.144	-0.015936	160.54	-1.5065	-0.00042636	0.00037007	-0.00091236
14.146	-0.016325	160.45	-1.5423	-0.00072063	0.00045879	-0.00081357
14.148	-0.016739	160.35	-1.578	-0.0010149	0.00054752	-0.00071477
14.15	-0.017097	160.23	-1.6075	-0.0010089	0.00033777	-0.00056103
14.152	-0.017328	160.09	-1.637	-0.0010028	0.00012801	-0.00040728
14.154	-0.017385	159.94	-1.6619	-0.00099681	-8.1744e-05	-0.00025354
14.156	-0.017256	159.78	-1.6823	-0.00099077	-0.0002915	-9.9791e-05
14.158	-0.016968	159.59	-1.7027	-0.00098474	-0.00050125	5.3956e-05
14.16	-0.016583	159.38	-1.7153	-0.00064125	-0.00081873	9.4599e-05
14.162	-0.016184	159.16	-1.728	-0.00029776	-0.0011362	0.00013524
14.164	-0.01586	158.91	-1.7396	4.5722e-05	-0.0014537	0.00017589
14.166	-0.015686	158.65	-1.75	0.00038921	-0.0017712	0.00021653
14.168	-0.015709	158.36	-1.7605	0.0007327	-0.0020886	0.00025717
14.17	-0.015936	158.05	-1.7765	0.0010094	-0.0021104	0.00011633
14.172	-0.01633	157.72	-1.7925	0.0012862	-0.0021322	-2.4504e-05
14.174	-0.016822	157.37	-1.815	0.001563	-0.002154	-0.00016534
14.176	-0.017319	156.99	-1.8441	0.0018397	-0.0021758	-0.00030618
14.178	-0.017725	156.59	-1.8732	0.0021165	-0.0021976	-0.00044702
14.18	-0.017962	156.17	-1.9201	0.0019944	-0.0017774	-0.00062191
14.182	-0.017983	155.73	-1.9669	0.0018724	-0.0013572	-0.0007968
14.184	-0.017781	155.26	-2.0226	0.0017503	-0.00093702	-0.00097169
14.186	-0.017394	154.77	-2.0873	0.0016282	-0.00051683	-0.0011466
14.188	-0.016892	154.27	-2.1519	0.0015062	-9.6638e-05	-0.0013215
14.19	-0.016364	153.74	-2.2297	0.0011253	0.00047373	-0.0013578
14.192	-0.015905	153.19	-2.3075	0.00074432	0.0010441	-0.0013941
14.194	-0.015588	152.62	-2.3879	0.00036339	0.0016145	-0.0014305
14.196	-0.015457	152.03	-2.4709	-1.7539e-05	0.0021848	-0.0014668
14.198	-0.015517	151.42	-2.554	-0.00039847	0.0027552	-0.0015031
14.2	-0.015734	150.79	-2.6339	-0.00065356	0.003048	-0.0014225
14.202	-0.016044	150.14	-2.7138	-0.00090865	0.0033408	-0.0013418
14.204	-0.016367	149.48	-2.789	-0.0011637	0.0036336	-0.0012612
14.206	-0.016624	148.8	-2.8593	-0.0014188	0.0039264	-0.0011805
14.208	-0.016753	148.1	-2.9297	-0.0016739	0.0042191	-0.0010999
14.21	-0.01672	147.38	-2.9881	-0.0016584	0.0040702	-0.0010203
14.212	-0.016527	146.65	-3.0466	-0.0016429	0.0039213	-0.00094068
14.214	-0.016206	145.91	-3.0999	-0.0016274	0.0037724	-0.00086108
14.216	-0.015817	145.14	-3.1483	-0.0016119	0.0036235	-0.00078148
14.218	-0.01543	144.37	-3.1966	-0.0015964	0.0034745	-0.00070188
14.22	-0.015113	143.57	-3.2399	-0.0014792	0.0030696	-0.00064084
14.222	-0.014921	142.77	-3.2832	-0.001362	0.0026646	-0.00057979
14.224	-0.014879	141.94	-3.3269	-0.0012449	0.0022596	-0.00051874
14.226	-0.014987	141.11	-3.3712	-0.0011277	0.0018546	-0.00045769
14.228	-0.015214	140.25	-3.4154	-0.0010105	0.0014497	-0.00039664
14.23	-0.01551	139.39	-3.4655	-0.00095443	0.0011028	-0.00033335
14.232	-0.015809	138.5	-3.5155	-0.00089839	0.00075594	-0.00027005
14.234	-0.016049	137.6	-3.5694	-0.00084236	0.00040908	-0.00020676
14.236	-0.016178	136.69	-3.6273	-0.00078633	6.2214e-05	-0.00014346
14.238	-0.016163	135.75	-3.6851	-0.0007303	-0.00028465	-8.0168e-05
14.24	-0.015994	134.8	-3.7496	-0.00071407	-0.00039643	-9.2829e-05
14.242	-0.015688	133.84	-3.8142	-0.00069784	-0.00050821	-0.00010549
14.244	-0.015279	132.85	-3.8805	-0.0006816	-0.00061998	-0.00011815
14.246	-0.014819	131.85	-3.9486	-0.00066537	-0.00073176	-0.00013081
14.248	-0.014363	130.82	-4.0166	-0.00064914	-0.00084354	-0.00014347
14.25	-0.013962	129.78	-4.0844	-0.00059942	-0.00077596	-0.00028303
14.252	-0.013656	128.72	-4.1522	-0.00054969	-0.00070839	-0.00042259
14.254	-0.013466	127.63	-4.2185	-0.00049996	-0.00064081	-0.00056216
14.256	-0.013392	126.52	-4.2834	-0.00045024	-0.00057323	-0.00070172
14.258	-0.013414	125.39	-4.3482	-0.00040051	-0.00050565	-0.00084128
14.26	-0.013492	124.23	-4.4095	-0.00033351	-0.00042891	-0.00093808
14.262	-0.01358	123.05	-4.4708	-0.0002665	-0.00035217	-0.0010349
14.264	-0.013625	121.84	-4.531	-0.0001995	-0.00027543	-0.0011317
14.266	-0.013586	120.61	-4.5901	-0.00013249	-0.00019869	-0.0012285
14.268	-0.013435	119.35	-4.6492	-6.5484e-05	-0.00012195	-0.0013253
14.27	-0.013163	118.06	-4.7084	-3.4916e-05	-0.00014076	-0.001139
14.272	-0.012785	116.75	-4.7677	-4.3483e-06	-0.00015958	-0.00095274
14.274	-0.012336	115.4	-4.828	2.622e-05	-0.0001784	-0.00076646
14.276	-0.011862	114.02	-4.8894	5.6788e-05	-0.00019722	-0.00058018
14.278	-0.011413	112.62	-4.9508	8.7356e-05	-0.00021604	-0.0003939
14.28	-0.01103	111.18	-5.015	0.00010841	-0.00031474	2.0871e-05
14.282	-0.010737	109.71	-5.0792	0.00012946	-0.00041345	0.00043564
14.284	-0.010532	108.21	-5.1442	0.00015052	-0.00051216	0.00085042
14.286	-0.010391	106.68	-5.21	0.00017157	-0.00061086	0.0012652
14.288	-0.010267	105.11	-5.2757	0.00019263	-0.00070957	0.00168
14.29	-0.010102	103.52	-5.3404	0.0002887	-0.000815	0.0019391
14.292	-0.0098414	101.89	-5.4052	0.00038477	-0.00092043	0.0021983
14.294	-0.0094464	100.23	-5.4679	0.00048084	-0.0010259	0.0024575
14.296	-0.0089034	98.538	-5.5288	0.00057692	-0.0011313	0.0027166
14.298	-0.0082293	96.815	-5.5896	0.00067299	-0.0012367	0.0029758
14.3	-0.0074681	95.061	-5.6446	0.00083237	-0.0012773	0.0027938
14.302	-0.0066811	93.278	-5.6995	0.00099175	-0.001318	0.0026117
14.304	-0.0059309	91.465	-5.7515	0.0011511	-0.0013586	0.0024296
14.306	-0.0052642	89.624	-5.8004	0.0013105	-0.0013992	0.0022476
14.308	-0.0046974	87.755	-5.8493	0.0014699	-0.0014398	0.0020655
14.31	-0.0042082	85.861	-5.8937	0.0015367	-0.0013797	0.0016049
14.312	-0.0037375	83.94	-5.9381	0.0016035	-0.0013196	0.0011442
14.314	-0.0032008	81.997	-5.9816	0.0016703	-0.0012594	0.0006836
14.316	-0.0025078	80.031	-6.0242	0.0017371	-0.0011993	0.00022296
14.318	-0.0015861	78.045	-6.0669	0.0018039	-0.0011391	-0.00023769
14.32	-0.00040267	76.039	-6.1105	0.0016639	-0.0010183	-0.00055545
14.322	0.0010225	74.016	-6.1541	0.0015239	-0.00089743	-0.00087321
14.324	0.002615	71.977	-6.1991	0.0013839	-0.00077658	-0.001191
14.326	0.0042582	69.926	-6.2454	0.0012439	-0.00065572	-0.0015087
14.328	0.0058183	67.861	-6.2918	0.0011039	-0.00053487	-0.0018265
14.33	0.0071765	65.788	-6.341	0.00087235	-0.00045875	-0.00179
14.332	0.0082614	63.706	-6.3902	0.00064084	-0.00038263	-0.0017535
14.334	0.0090736	61.619	-6.4402	0.00040932	-0.00030651	-0.0017169
14.336	0.0096944	59.528	-6.4909	0.00017781	-0.00023038	-0.0016804
14.338	0.010275	57.436	-6.5416	-5.3708e-05	-0.00015426	-0.0016439
14.34	0.01101	55.343	-6.5916	-0.00013789	-0.00018981	-0.0014182
14.342	0.012093	53.252	-6.6416	-0.00022208	-0.00022536	-0.0011925
14.344	0.013667	51.165	-6.6901	-0.00030626	-0.00026091	-0.00096676
14.346	0.01579	49.085	-6.7373	-0.00039044	-0.00029646	-0.00074105
14.348	0.018403	47.011	-6.7844	-0.00047463	-0.00033201	-0.00051534
14.35	0.021329	44.946	-6.8275	-0.00033123	-0.0004377	-0.00037052
14.352	0.024306	42.891	-6.8705	-0.00018783	-0.0005434	-0.0002257
14.354	0.027025	40.849	-6.9116	-4.4427e-05	-0.0006491	-8.0885e-05
14.356	0.029198	38.819	-6.9506	9.8973e-05	-0.00075479	6.3933e-05
14.358	0.030618	36.803	-6.9897	0.00024237	-0.00086049	0.00020875
14.36	0.031209	34.802	-7.0259	0.00045976	-0.000956	0.00021213
14.362	0.031047	32.817	-7.0621	0.00067715	-0.0010515	0.00021551
14.364	0.030353	30.847	-7.0978	0.00089454	-0.001147	0.00021889
14.366	0.02945	28.895	-7.1329	0.0011119	-0.0012425	0.00022227
14.368	0.028698	26.959	-7.168	0.0013293	-0.001338	0.00022565
14.37	0.028415	25.04	-7.2035	0.0014331	-0.00138	0.000224
14.372	0.028809	23.137	-7.239	0.0015369	-0.001422	0.00022236
14.374	0.029929	21.251	-7.2751	0.0016407	-0.001464	0.00022071
14.376	0.031645	19.381	-7.3118	0.0017446	-0.001506	0.00021907
14.378	0.033677	17.527	-7.3485	0.0018484	-0.0015479	0.00021742
14.38	0.035652	15.687	-7.3864	0.0017934	-0.0014915	0.00028971
14.382	0.037181	13.861	-7.4243	0.0017385	-0.0014352	0.00036201
14.384	0.037946	12.049	-7.4626	0.0016836	-0.0013788	0.0004343
14.386	0.037774	10.248	-7.5011	0.0016287	-0.0013224	0.00050659
14.388	0.036669	8.459	-7.5397	0.0015737	-0.001266	0.00057888
14.39	0.034816	6.6788	-7.5782	0.0014239	-0.0010499	0.00063199
14.392	0.032539	4.9077	-7.6166	0.0012742	-0.00083388	0.0006851
14.394	0.030222	3.1432	-7.6549	0.0011244	-0.00061782	0.00073821
14.396	0.028224	1.3854	-7.6929	0.00097459	-0.00040177	0.00079133
14.398	0.02679	-0.36842	-7.7309	0.0008248	-0.00018571	0.00084444
14.4	0.025996	-2.1182	-7.7685	0.00062876	0.00016538	0.00078566
14.402	0.025724	-3.8664	-7.8061	0.00043272	0.00051648	0.00072689
14.404	0.025691	-5.613	-7.8437	0.00023668	0.00086758	0.00066812
14.406	0.025516	-7.3602	-7.8813	4.0635e-05	0.0012187	0.00060935
14.408	0.024806	-9.1081	-7.9189	-0.00015541	0.0015698	0.00055058
14.41	0.023253	-10.859	-7.9569	-0.00039749	0.0019085	0.0004555
14.412	0.020713	-12.612	-7.995	-0.00063957	0.0022473	0.00036043
14.414	0.017245	-14.369	-8.0333	-0.00088165	0.0025861	0.00026535
14.416	0.013106	-16.13	-8.0719	-0.0011237	0.0029249	0.00017028
14.418	0.0086986	-17.896	-8.1104	-0.0013658	0.0032637	7.5207e-05
14.42	0.0044891	-19.668	-8.149	-0.0016271	0.0034541	7.9915e-05
14.422	0.00090252	-21.445	-8.1875	-0.0018883	0.0036445	8.4622e-05
14.424	-0.0017667	-23.228	-8.2256	-0.0021496	0.0038349	8.933e-05
14.426	-0.003416	-25.016	-8.2632	-0.0024108	0.0040253	9.4037e-05
14.428	-0.0041514	-26.81	-8.3008	-0.0026721	0.0042157	9.8744e-05
14.43	-0.004256	-28.61	-8.3362	-0.0028481	0.0042395	0.00019036
14.432	-0.0041172	-30.414	-8.3716	-0.0030241	0.0042634	0.00028197
14.434	-0.00413	-32.223	-8.4054	-0.0032001	0.0042873	0.00037358
14.436	-0.004602	-34.037	-8.4377	-0.0033761	0.0043112	0.00046519
14.438	-0.005681	-35.854	-8.47	-0.0035521	0.004335	0.0005568
14.44	-0.0073238	-37.674	-8.4989	-0.003533	0.0042414	0.00058013
14.442	-0.0093128	-39.497	-8.5277	-0.0035139	0.0041478	0.00060345
14.444	-0.011318	-41.321	-8.555	-0.0034949	0.0040542	0.00062678
14.446	-0.012987	-43.146	-8.5808	-0.0034758	0.0039605	0.0006501
14.448	-0.014041	-44.972	-8.6065	-0.0034567	0.0038669	0.00067342
14.45	-0.014348	-46.796	-8.63	-0.0032507	0.0037047	0.00053525
14.452	-0.013964	-48.62	-8.6535	-0.0030446	0.0035426	0.00039708
14.454	-0.013121	-50.442	-8.6764	-0.0028385	0.0033804	0.00025891
14.456	-0.012162	-52.261	-8.6987	-0.0026325	0.0032182	0.00012074
14.458	-0.011455	-54.078	-8.7209	-0.0024264	0.003056	-1.7427e-05
14.46	-0.01129	-55.891	-8.7429	-0.0021628	0.0028686	-0.00022428
14.462	-0.01179	-57.7	-8.7649	-0.0018992	0.0026813	-0.00043112
14.464	-0.012873	-59.505	-8.7869	-0.0016357	0.0024939	-0.00063797
14.466	-0.014262	-61.305	-8.8091	-0.0013721	0.0023065	-0.00084482
14.468	-0.015549	-63.101	-8.8314	-0.0011085	0.0021191	-0.0010517
14.47	-0.016301	-64.892	-8.8541	-0.00088816	0.0019115	-0.001155
14.472	-0.01618	-66.679	-8.8769	-0.00066784	0.0017038	-0.0012583
14.474	-0.015051	-68.461	-8.9001	-0.00044752	0.0014961	-0.0013616
14.476	-0.013036	-70.238	-8.9237	-0.00022721	0.0012884	-0.0014649
14.478	-0.010515	-72.012	-8.9473	-6.8893e-06	0.0010807	-0.0015682
14.48	-0.0080427	-73.782	-8.9723	0.00019977	0.0008029	-0.0015128
14.482	-0.0062271	-75.548	-8.9972	0.00040644	0.00052507	-0.0014574
14.484	-0.0055634	-77.311	-9.0232	0.0006131	0.00024724	-0.001402
14.486	-0.0062858	-79.072	-9.0502	0.00081977	-3.0588e-05	-0.0013465
14.488	-0.0082647	-80.831	-9.0772	0.0010264	-0.00030842	-0.0012911
14.49	-0.010981	-82.588	-9.107	0.0012746	-0.00064237	-0.0011773
14.492	-0.013592	-84.343	-9.1368	0.0015229	-0.00097632	-0.0010634
14.494	-0.015088	-86.099	-9.1683	0.0017711	-0.0013103	-0.00094951
14.496	-0.014501	-87.853	-9.2014	0.0020193	-0.0016442	-0.00083564
14.498	-0.011139	-89.608	-9.2346	0.0022675	-0.0019782	-0.00072177
14.5	-0.0047849	-91.363	-9.2705	0.0024811	-0.0021849	-0.00064576
14.502	0.0041859	-93.118	-9.3065	0.0026947	-0.0023916	-0.00056975
14.504	0.014791	-94.875	-9.3432	0.0029083	-0.0025982	-0.00049374
14.506	0.025555	-96.631	-9.3804	0.0031219	-0.0028049	-0.00041773
14.508	0.034732	-98.389	-9.4177	0.0033355	-0.0030116	-0.00034173
14.51	0.040591	-100.15	-9.4536	0.0033385	-0.0028792	-0.00026991
14.512	0.041729	-101.9	-9.4896	0.0033415	-0.0027469	-0.0001981
14.514	0.03734	-103.66	-9.5232	0.0033446	-0.0026145	-0.00012629
14.516	0.027386	-105.42	-9.5545	0.0033476	-0.0024821	-5.448e-05
14.518	0.012642	-107.17	-9.5859	0.0033506	-0.0023497	1.7331e-05
14.52	-0.0054059	-108.93	-9.6097	0.0030684	-0.0019046	0.0001492
14.522	-0.024777	-110.68	-9.6335	0.0027863	-0.0014594	0.00028106
14.524	-0.043311	-112.42	-9.6526	0.0025041	-0.0010143	0.00041293
14.526	-0.059003	-114.16	-9.6671	0.0022219	-0.00056918	0.0005448
14.528	-0.070308	-115.9	-9.6815	0.0019397	-0.00012404	0.00067666
14.53	-0.076362	-117.63	-9.6865	0.0015369	0.00031915	0.00078556
14.532	-0.077071	-119.35	-9.6915	0.0011342	0.00076235	0.00089446
14.534	-0.073078	-121.06	-9.6926	0.0007314	0.0012055	0.0010034
14.536	-0.065596	-122.76	-9.6898	0.00032863	0.0016487	0.0011123
14.538	-0.056163	-124.45	-9.687	-7.4141e-05	0.0020919	0.0012212
14.54	-0.04636	-126.12	-9.6794	-0.0003008	0.0021915	0.001131
14.542	-0.037549	-127.79	-9.6717	-0.00052746	0.002291	0.0010408
14.544	-0.030676	-129.43	-9.6634	-0.00075412	0.0023905	0.0009506
14.546	-0.026176	-131.06	-9.6542	-0.00098078	0.0024901	0.00086042
14.548	-0.023973	-132.68	-9.6451	-0.0012074	0.0025896	0.00077023
14.55	-0.023588	-134.28	-9.6372	-0.0011103	0.002297	0.00047326
14.552	-0.0243	-135.86	-9.6293	-0.0010131	0.0020043	0.00017629
14.554	-0.025335	-137.42	-9.6227	-0.00091598	0.0017117	-0.00012068
14.556	-0.026039	-138.96	-9.6174	-0.00081882	0.0014191	-0.00041765
14.558	-0.026	-140.49	-9.6121	-0.00072167	0.0011265	-0.00071462
14.56	-0.025099	-141.99	-9.6094	-0.00045313	0.00074322	-0.00098036
14.562	-0.023491	-143.48	-9.6067	-0.00018459	0.00036	-0.0012461
14.564	-0.021526	-144.95	-9.6046	8.3949e-05	-2.3226e-05	-0.0015119
14.566	-0.01963	-146.41	-9.6033	0.00035249	-0.00040645	-0.0017776
14.568	-0.018196	-147.85	-9.602	0.00062103	-0.00078968	-0.0020434
14.57	-0.017481	-149.27	-9.6008	0.00076977	-0.00089169	-0.0020543
14.572	-0.017556	-150.68	-9.5995	0.00091852	-0.0009937	-0.0020653
14.574	-0.018305	-152.08	-9.598	0.0010673	-0.0010957	-0.0020763
14.576	-0.019467	-153.46	-9.5961	0.001216	-0.0011977	-0.0020872
14.578	-0.02071	-154.84	-9.5942	0.0013647	-0.0012997	-0.0020982
14.58	-0.021719	-156.2	-9.5923	0.0012498	-0.0010269	-0.0019001
14.582	-0.022265	-157.57	-9.5903	0.0011348	-0.00075405	-0.0017019
14.584	-0.022255	-158.92	-9.5892	0.0010198	-0.00048122	-0.0015038
14.586	-0.021737	-160.28	-9.589	0.00090483	-0.00020838	-0.0013057
14.588	-0.020879	-161.63	-9.5888	0.00078986	6.4457e-05	-0.0011076
14.59	-0.019917	-162.98	-9.593	0.00053834	0.00045321	-0.00095222
14.592	-0.019087	-164.34	-9.5973	0.00028683	0.00084197	-0.00079687
14.594	-0.018573	-165.7	-9.6053	3.5312e-05	0.0012307	-0.00064151
14.596	-0.018464	-167.07	-9.6168	-0.0002162	0.0016195	-0.00048616
14.598	-0.018743	-168.44	-9.6284	-0.00046772	0.0020082	-0.0003308
14.6	-0.019299	-169.83	-9.6495	-0.00056881	0.0021591	-0.00040733
14.602	-0.019966	-171.22	-9.6706	-0.00066991	0.0023099	-0.00048385
14.604	-0.020566	-172.63	-9.697	-0.000771	0.0024607	-0.00056037
14.606	-0.020955	-174.05	-9.7286	-0.0008721	0.0026116	-0.0006369
14.608	-0.021055	-175.48	-9.7602	-0.00097319	0.0027624	-0.00071342
14.61	-0.020865	-176.93	-9.8024	-0.00072776	0.0025427	-0.00095784
14.612	-0.020455	-178.39	-9.8445	-0.00048233	0.002323	-0.0012023
14.614	-0.019938	-179.87	-9.8915	-0.00023689	0.0021033	-0.0014467
14.616	-0.019437	-181.37	-9.9434	8.539e-06	0.0018836	-0.0016911
14.618	-0.019053	-182.88	-9.9954	0.00025397	0.0016639	-0.0019355
14.62	-0.01884	-184.41	-10.056	0.0007532	0.0012196	-0.0020652
14.622	-0.018796	-185.96	-10.117	0.0012524	0.00077529	-0.0021949
14.624	-0.018871	-187.52	-10.182	0.0017516	0.00033098	-0.0023247
14.626	-0.018985	-189.1	-10.251	0.0022509	-0.00011334	-0.0024544
14.628	-0.019053	-190.7	-10.32	0.0027501	-0.00055765	-0.0025841
14.63	-0.019012	-192.31	-10.396	0.0031768	-0.0010156	-0.0023337
14.632	-0.018837	-193.93	-10.473	0.0036035	-0.0014736	-0.0020832
14.634	-0.018544	-195.57	-10.553	0.0040301	-0.0019316	-0.0018328
14.636	-0.018186	-197.22	-10.637	0.0044568	-0.0023896	-0.0015824
14.638	-0.017831	-198.89	-10.721	0.0048835	-0.0028476	-0.001332
14.64	-0.017544	-200.56	-10.81	0.0049477	-0.0032109	-0.00072239
14.642	-0.017363	-202.25	-10.899	0.005012	-0.0035743	-0.00011281
14.644	-0.017293	-203.95	-10.988	0.0050762	-0.0039376	0.00049677
14.646	-0.017294	-205.66	-11.079	0.0051405	-0.0043009	0.0011063
14.648	-0.0173	-207.38	-11.17	0.0052047	-0.0046642	0.0017159
14.65	-0.017233	-209.11	-11.256	0.0048758	-0.0048584	0.0023224
14.652	-0.01702	-210.85	-11.343	0.0045468	-0.0050527	0.0029289
14.654	-0.016619	-212.59	-11.423	0.0042178	-0.0052469	0.0035354
14.656	-0.016021	-214.34	-11.498	0.0038888	-0.0054411	0.0041419
14.658	-0.015261	-216.1	-11.573	0.0035599	-0.0056353	0.0047484
14.66	-0.0144	-217.87	-11.626	0.003065	-0.0055548	0.0049257
14.662	-0.013513	-219.65	-11.68	0.0025702	-0.0054743	0.005103
14.664	-0.012672	-221.43	-11.719	0.0020753	-0.0053937	0.0052803
14.666	-0.011921	-223.22	-11.743	0.0015804	-0.0053132	0.0054576
14.668	-0.011275	-225.02	-11.766	0.0010856	-0.0052327	0.0056349
14.67	-0.010713	-226.82	-11.752	0.0006932	-0.0048988	0.005286
14.672	-0.010186	-228.63	-11.738	0.00030081	-0.0045649	0.0049371
14.674	-0.009633	-230.44	-11.702	-9.1577e-05	-0.004231	0.0045882
14.676	-0.0089991	-232.26	-11.644	-0.00048396	-0.003897	0.0042393
14.678	-0.008248	-234.08	-11.586	-0.00087635	-0.0035631	0.0038904
14.68	-0.0073719	-235.9	-11.48	-0.0011269	-0.0032313	0.0033415
14.682	-0.0063923	-237.73	-11.375	-0.0013775	-0.0028996	0.0027926
14.684	-0.0053525	-239.55	-11.245	-0.0016281	-0.0025678	0.0022438
14.686	-0.004304	-241.37	-11.091	-0.0018786	-0.0022361	0.0016949
14.688	-0.0032909	-243.19	-10.938	-0.0021292	-0.0019043	0.001146
14.69	-0.0023375	-245	-10.736	-0.0024385	-0.001813	0.0008214
14.692	-0.0014409	-246.8	-10.533	-0.0027478	-0.0017217	0.00049681
14.694	-0.00057087	-248.58	-10.308	-0.0030571	-0.0016304	0.00017223
14.696	0.00032167	-250.35	-10.059	-0.0033664	-0.001539	-0.00015235
14.698	0.0012911	-252.09	-9.8099	-0.0036757	-0.0014477	-0.00047693
14.7	0.0023824	-253.81	-9.5156	-0.0041448	-0.0014981	-0.00042247
14.702	0.0036191	-255.49	-9.2213	-0.004614	-0.0015485	-0.00036801
14.704	0.0049961	-257.13	-8.9053	-0.0050831	-0.0015988	-0.00031356
14.706	0.0064803	-258.73	-8.5675	-0.0055522	-0.0016492	-0.0002591
14.708	0.0080187	-260.27	-8.2298	-0.0060213	-0.0016996	-0.00020464
14.71	0.0095521	-261.75	-7.8509	-0.0064082	-0.0015628	7.7936e-05
14.712	0.011029	-263.17	-7.472	-0.006795	-0.0014261	0.00036051
14.714	0.012419	-264.51	-7.0742	-0.0071818	-0.0012893	0.00064309
14.716	0.013718	-265.77	-6.6573	-0.0075686	-0.0011525	0.00092567
14.718	0.014951	-266.94	-6.2404	-0.0079555	-0.0010157	0.0012082
14.72	0.016161	-268.01	-5.7898	-0.0079183	-0.00057014	0.0014664
14.722	0.017402	-268.96	-5.3392	-0.0078812	-0.00012453	0.0017245
14.724	0.018719	-269.79	-4.8746	-0.007844	0.00032109	0.0019826
14.726	0.020144	-270.5	-4.3959	-0.0078068	0.0007667	0.0022407
14.728	0.021683	-271.06	-3.9172	-0.0077697	0.0012123	0.0024988
14.73	0.023318	-271.48	-3.4171	-0.007263	0.0016826	0.0025418
14.732	0.025016	-271.75	-2.9171	-0.0067564	0.0021529	0.0025849
14.734	0.026736	-271.84	-2.4102	-0.0062497	0.0026232	0.0026279
14.736	0.028446	-271.76	-1.8965	-0.0057431	0.0030935	0.0026709
14.738	0.030129	-271.5	-1.3827	-0.0052364	0.0035638	0.002714
14.74	0.031789	-271.05	-0.8631	-0.0045163	0.0036537	0.0024907
14.742	0.033453	-270.4	-0.34351	-0.0037961	0.0037437	0.0022674
14.744	0.035158	-269.55	0.17507	-0.0030759	0.0038336	0.0020441
14.746	0.036944	-268.49	0.69266	-0.0023558	0.0039235	0.0018209
14.748	0.038841	-267.22	1.2102	-0.0016356	0.0040135	0.0015976
14.75	0.040854	-265.72	1.7184	-0.00095522	0.0035942	0.0012368
14.752	0.042965	-264	2.2265	-0.00027482	0.0031749	0.00087605
14.754	0.045129	-262.06	2.7264	0.00040558	0.0027556	0.00051528
14.756	0.047286	-259.89	3.2181	0.001086	0.0023363	0.00015451
14.758	0.049373	-257.49	3.7097	0.0017664	0.001917	-0.00020626
14.76	0.051336	-254.86	4.1785	0.002312	0.0011944	-0.00047486
14.762	0.053147	-252	4.6473	0.0028576	0.0004717	-0.00074346
14.764	0.054806	-248.92	5.1018	0.0034032	-0.00025095	-0.0010121
14.766	0.056344	-245.62	5.5418	0.0039488	-0.0009736	-0.0012807
14.768	0.057813	-242.1	5.9819	0.0044943	-0.0016963	-0.0015493
14.77	0.059276	-238.37	6.3882	0.0048624	-0.002408	-0.0016029
14.772	0.060791	-234.43	6.7945	0.0052305	-0.0031197	-0.0016565
14.774	0.062397	-230.29	7.1819	0.0055985	-0.0038314	-0.0017101
14.776	0.064105	-225.95	7.5505	0.0059666	-0.0045431	-0.0017637
14.778	0.065896	-221.44	7.919	0.0063347	-0.0052548	-0.0018173
14.78	0.067724	-216.74	8.2472	0.0064317	-0.0056893	-0.0017557
14.782	0.06953	-211.89	8.5754	0.0065287	-0.0061237	-0.0016941
14.784	0.071248	-206.87	8.8829	0.0066258	-0.0065581	-0.0016325
14.786	0.072825	-201.72	9.1696	0.0067228	-0.0069925	-0.0015708
14.788	0.074227	-196.43	9.4564	0.0068198	-0.0074269	-0.0015092
14.79	0.075444	-191.03	9.7021	0.0065715	-0.0074003	-0.0015208
14.792	0.076488	-185.51	9.9479	0.0063232	-0.0073737	-0.0015324
14.794	0.077387	-179.9	10.174	0.0060749	-0.0073472	-0.001544
14.796	0.078175	-174.2	10.38	0.0058266	-0.0073206	-0.0015556
14.798	0.078883	-168.44	10.587	0.0055783	-0.007294	-0.0015673
14.8	0.079527	-162.61	10.756	0.0050603	-0.0068005	-0.0016945
14.802	0.080111	-156.73	10.926	0.0045424	-0.006307	-0.0018217
14.804	0.080626	-150.82	11.078	0.0040244	-0.0058135	-0.0019489
14.806	0.081054	-144.89	11.214	0.0035064	-0.00532	-0.0020761
14.808	0.081378	-138.94	11.349	0.0029884	-0.0048265	-0.0022033
14.81	0.081587	-133	11.453	0.0024347	-0.0041083	-0.0022749
14.812	0.081685	-127.06	11.558	0.001881	-0.0033901	-0.0023465
14.814	0.081684	-121.14	11.647	0.0013272	-0.0026719	-0.0024181
14.816	0.081608	-115.24	11.723	0.0007735	-0.0019537	-0.0024898
14.818	0.08148	-109.38	11.798	0.00021977	-0.0012354	-0.0025614
14.82	0.081312	-103.57	11.847	-0.00012458	-0.00062418	-0.0023782
14.822	0.081103	-97.804	11.896	-0.00046892	-1.2935e-05	-0.0021951
14.824	0.080828	-92.095	11.933	-0.00081327	0.00059831	-0.0020119
14.826	0.080444	-86.451	11.958	-0.0011576	0.0012096	-0.0018288
14.828	0.079894	-80.873	11.983	-0.001502	0.0018208	-0.0016456
14.83	0.079117	-75.369	11.987	-0.001567	0.0021494	-0.0012382
14.832	0.078062	-69.939	11.99	-0.001632	0.002478	-0.00083068
14.834	0.0767	-64.589	11.984	-0.001697	0.0028066	-0.00042321
14.836	0.075029	-59.319	11.969	-0.0017621	0.0031352	-1.573e-05
14.838	0.073079	-54.133	11.954	-0.0018271	0.0034638	0.00039175
14.84	0.070906	-49.03	11.922	-0.0017889	0.0035407	0.00073406
14.842	0.068582	-44.011	11.89	-0.0017508	0.0036177	0.0010764
14.844	0.066183	-39.077	11.851	-0.0017126	0.0036946	0.0014187
14.846	0.063773	-34.228	11.804	-0.0016745	0.0037716	0.001761
14.848	0.061396	-29.463	11.758	-0.0016363	0.0038485	0.0021033
14.85	0.059066	-24.78	11.699	-0.0017627	0.003801	0.0021299
14.852	0.056771	-20.179	11.639	-0.001889	0.0037535	0.0021565
14.854	0.054474	-15.658	11.573	-0.0020153	0.003706	0.0021831
14.856	0.052124	-11.216	11.502	-0.0021417	0.0036585	0.0022096
14.858	0.049673	-6.8503	11.43	-0.002268	0.0036109	0.0022362
14.86	0.047081	-2.5606	11.346	-0.0026196	0.003585	0.0020405
14.862	0.044329	1.6568	11.261	-0.0029713	0.0035591	0.0018447
14.864	0.041421	5.8017	11.171	-0.003323	0.0035331	0.0016489
14.866	0.038383	9.8776	11.075	-0.0036747	0.0035072	0.0014531
14.868	0.035261	13.885	10.978	-0.0040263	0.0034812	0.0012573
14.87	0.032109	17.825	10.87	-0.0043484	0.0035887	0.0011659
14.872	0.028983	21.7	10.762	-0.0046704	0.0036962	0.0010744
14.874	0.025932	25.511	10.648	-0.0049924	0.0038036	0.00098297
14.876	0.022995	29.258	10.53	-0.0053145	0.0039111	0.00089152
14.878	0.020197	32.943	10.411	-0.0056365	0.0040185	0.00080008
14.88	0.017552	36.565	10.285	-0.0056298	0.0042343	0.00094521
14.882	0.015063	40.126	10.158	-0.005623	0.0044501	0.0010904
14.884	0.012724	43.625	10.03	-0.0056163	0.0046659	0.0012355
14.886	0.010526	47.062	9.8993	-0.0056096	0.0048817	0.0013806
14.888	0.0084564	50.436	9.7689	-0.0056029	0.0050975	0.0015258
14.89	0.006498	53.748	9.6387	-0.0052564	0.0052315	0.0016741
14.892	0.0046318	56.996	9.5084	-0.00491	0.0053656	0.0018225
14.894	0.0028359	60.18	9.3805	-0.0045636	0.0054996	0.0019709
14.896	0.001087	63.299	9.2547	-0.0042172	0.0056336	0.0021192
14.898	-0.00063752	66.351	9.129	-0.0038707	0.0057677	0.0022676
14.9	-0.0023557	69.337	9.0115	-0.0034375	0.0056289	0.0021431
14.902	-0.0040764	72.253	8.894	-0.0030043	0.00549	0.0020186
14.904	-0.0057969	75.1	8.782	-0.002571	0.0053512	0.0018942
14.906	-0.0075009	77.876	8.6754	-0.0021378	0.0052124	0.0017697
14.908	-0.0091602	80.58	8.5688	-0.0017045	0.0050736	0.0016452
14.91	-0.010739	83.211	8.4745	-0.0014028	0.0046617	0.0012973
14.912	-0.012201	85.768	8.3803	-0.0011011	0.0042497	0.0009493
14.914	-0.013516	88.25	8.2923	-0.00079936	0.0038378	0.00060134
14.916	-0.014668	90.657	8.2106	-0.00049762	0.0034259	0.00025337
14.918	-0.015663	92.988	8.129	-0.00019589	0.003014	-9.4599e-05
14.92	-0.016523	95.243	8.0592	-3.0205e-05	0.0025103	-0.00036037
14.922	-0.017286	97.421	7.9894	0.00013548	0.0020067	-0.00062615
14.924	-0.018001	99.522	7.9248	0.00030117	0.0015031	-0.00089193
14.926	-0.018715	101.55	7.8653	0.00046686	0.00099948	-0.0011577
14.928	-0.019463	103.5	7.8059	0.00063255	0.00049586	-0.0014235
14.93	-0.020261	105.37	7.7546	0.00077052	9.9112e-05	-0.0014264
14.932	-0.021101	107.17	7.7033	0.0009085	-0.00029764	-0.0014294
14.934	-0.021955	108.9	7.6546	0.0010465	-0.00069439	-0.0014323
14.936	-0.022778	110.55	7.6087	0.0011845	-0.0010911	-0.0014353
14.938	-0.023519	112.14	7.5627	0.0013224	-0.0014879	-0.0014382
14.94	-0.024131	113.65	7.5186	0.0014575	-0.0016786	-0.0013147
14.942	-0.024584	115.1	7.4745	0.0015926	-0.0018694	-0.0011913
14.944	-0.024866	116.48	7.4294	0.0017277	-0.0020602	-0.0010678
14.946	-0.024994	117.8	7.3833	0.0018628	-0.002251	-0.00094438
14.948	-0.024999	119.05	7.3373	0.0019979	-0.0024417	-0.00082093
14.95	-0.024928	120.25	7.2853	0.0020371	-0.0024421	-0.00081502
14.952	-0.024831	121.39	7.2333	0.0020763	-0.0024426	-0.00080912
14.954	-0.024747	122.47	7.1765	0.0021155	-0.002443	-0.00080321
14.956	-0.024705	123.5	7.1151	0.0021547	-0.0024434	-0.00079731
14.958	-0.02471	124.48	7.0536	0.0021939	-0.0024439	-0.0007914
14.96	-0.024751	125.4	6.9802	0.0020754	-0.0023557	-0.0009427
14.962	-0.024804	126.29	6.9068	0.0019569	-0.0022676	-0.001094
14.964	-0.024838	127.12	6.8269	0.0018384	-0.0021794	-0.0012453
14.966	-0.024827	127.91	6.7406	0.0017199	-0.0020913	-0.0013966
14.968	-0.024749	128.66	6.6543	0.0016014	-0.0020031	-0.0015479
14.97	-0.024599	129.36	6.556	0.0014067	-0.0019418	-0.0016723
14.972	-0.024381	130.03	6.4577	0.001212	-0.0018805	-0.0017967
14.974	-0.024109	130.65	6.3546	0.0010173	-0.0018192	-0.0019211
14.976	-0.023799	131.24	6.2469	0.00082254	-0.0017579	-0.0020455
14.978	-0.023468	131.79	6.1392	0.00062783	-0.0016966	-0.0021699
14.98	-0.023124	132.31	6.0259	0.00052043	-0.0016999	-0.0021347
14.982	-0.02277	132.79	5.9126	0.00041302	-0.0017032	-0.0020995
14.984	-0.022402	133.23	5.7988	0.00030562	-0.0017066	-0.0020642
14.986	-0.022016	133.64	5.6843	0.00019821	-0.0017099	-0.002029
14.988	-0.021612	134.01	5.5698	9.0805e-05	-0.0017133	-0.0019937
14.99	-0.021195	134.34	5.4583	0.00017431	-0.0017281	-0.0019132
14.992	-0.02078	134.64	5.3468	0.00025781	-0.0017429	-0.0018327
14.994	-0.020388	134.91	5.2386	0.00034131	-0.0017577	-0.0017522
14.996	-0.020043	135.13	5.1335	0.00042481	-0.0017724	-0.0016717
14.998	-0.019763	135.36	5.0285	0.00050831	-0.0017872	-0.0015912
